8.1,0.27,0.41,1.45,0.033,11,63,0.9908,2.99,0.56,12,0
7.9,0.18,0.37,1.2,0.04,16,75,0.992,3.18,0.63,10.8,0
6.6,0.16,0.4,1.5,0.044,48,143,0.9912,3.54,0.52,12.4,1
6.6,0.17,0.38,1.5,0.032,28,112,0.9914,3.25,0.55,11.4,1
6.4,0.31,0.38,2.9,0.038,19,102,0.9912,3.17,0.35,11,1
7.6,0.67,0.14,1.5,0.074,25,168,0.9937,3.05,0.51,9.3,0
7.2,0.32,0.36,2,0.033,37,114,0.9906,3.1,0.71,12.3,1
5.8,0.27,0.2,14.95,0.044,22,179,0.9962,3.37,0.37,10.2,0
7.3,0.28,0.43,1.7,0.08,21,123,0.9905,3.19,0.42,12.8,0
6.5,0.39,0.23,5.4,0.051,25,149,0.9934,3.24,0.35,10,0
6.9,0.19,0.35,5,0.067,32,150,0.995,3.36,0.48,9.8,0
6.6,0.25,0.29,1.1,0.068,39,124,0.9914,3.34,0.58,11,1
6.2,0.35,0.03,1.2,0.064,29,120,0.9934,3.22,0.54,9.1,0
6.4,0.26,0.24,6.4,0.04,27,124,0.9903,3.22,0.49,12.6,1
6,0.27,0.28,4.8,0.063,31,201,0.9964,3.69,0.71,10,0
6.7,0.54,0.28,5.4,0.06,21,105,0.9949,3.27,0.37,9,0
7.1,0.34,0.2,6.1,0.063,47,164,0.9946,3.17,0.42,10,0
6.9,0.24,0.33,1.7,0.035,47,136,0.99,3.26,0.4,12.6,1
8.6,0.265,0.36,1.2,0.034,15,80,0.9913,2.95,0.36,11.4,1
7.4,0.25,0.37,13.5,0.06,52,192,0.9975,3,0.44,9.1,0
7.1,0.12,0.32,9.6,0.054,64,162,0.9962,3.4,0.41,9.4,0
6,0.21,0.24,12.1,0.05,55,164,0.997,3.34,0.39,9.4,0
7.5,0.305,0.4,18.9,0.059,44,170,1,2.99,0.46,9,0
7.4,0.25,0.37,13.5,0.06,52,192,0.9975,3,0.44,9.1,0
7.1,0.12,0.32,9.6,0.054,64,162,0.9962,3.4,0.41,9.4,0
6.9,0.33,0.28,1.3,0.051,37,187,0.9927,3.27,0.6,10.3,0
7.2,0.31,0.5,13.3,0.056,68,195,0.9982,3.01,0.47,9.2,0
6.7,0.41,0.34,9.2,0.049,29,150,0.9968,3.22,0.51,9.1,0
6.7,0.41,0.34,9.2,0.049,29,150,0.9968,3.22,0.51,9.1,0
5.5,0.485,0,1.5,0.065,8,103,0.994,3.63,0.4,9.7,0
7.2,0.31,0.5,13.3,0.056,68,195,0.9982,3.01,0.47,9.2,0
7.3,0.32,0.48,13.3,0.06,57,196,0.9982,3.04,0.5,9.2,0
5.9,0.36,0.04,5.7,0.046,21,87,0.9934,3.22,0.51,10.2,0
7.4,0.16,0.31,6.85,0.059,31,131,0.9952,3.29,0.34,9.7,0
6.5,0.24,0.32,7.6,0.038,48,203,0.9958,3.45,0.54,9.7,1
5.7,0.26,0.25,10.4,0.02,7,57,0.994,3.39,0.37,10.6,0
6.5,0.24,0.32,7.6,0.038,48,203,0.9958,3.45,0.54,9.7,1
6.6,0.24,0.27,15.8,0.035,46,188,0.9982,3.24,0.51,9.2,0
6.7,0.27,0.31,15.7,0.036,44,179,0.9979,3.26,0.56,9.6,0
7.1,0.37,0.67,10.5,0.045,49,155,0.9975,3.16,0.44,8.7,0
6.8,0.19,0.36,1.9,0.035,30,96,0.9917,3.15,0.54,10.8,1
6.3,0.31,0.34,2.2,0.045,20,77,0.9927,3.3,0.43,10.2,0
7.1,0.37,0.67,10.5,0.045,49,155,0.9975,3.16,0.44,8.7,0
6.4,0.595,0.14,5.2,0.058,15,97,0.9951,3.38,0.36,9,0
6.3,0.34,0.33,4.6,0.034,19,80,0.9917,3.38,0.58,12,1
5.2,0.44,0.04,1.4,0.036,43,119,0.9894,3.36,0.33,12.1,1
5.2,0.44,0.04,1.4,0.036,43,119,0.9894,3.36,0.33,12.1,1
6.4,0.22,0.56,14.5,0.055,27,159,0.998,2.98,0.4,9.1,0
6.7,0.24,0.35,13.1,0.05,64,205,0.997,3.15,0.5,9.5,0
6.7,0.46,0.18,2.4,0.034,25,98,0.9896,3.08,0.44,12.6,1
9.8,0.42,0.48,9.85,0.034,5,110,0.9958,2.87,0.29,10,0
7.6,0.48,0.37,0.8,0.037,4,100,0.9902,3.03,0.39,11.4,0
7.5,0.27,0.31,17.7,0.051,33,173,0.999,3.09,0.64,10.2,0
7.2,0.32,0.47,5.1,0.044,19,65,0.991,3.03,0.41,12.6,0
5.9,0.23,0.3,12.9,0.054,57,170,0.9972,3.28,0.39,9.4,0
6,0.67,0.07,1.2,0.06,9,108,0.9931,3.11,0.35,8.7,0
6.8,0.26,0.56,11.9,0.043,64,226,0.997,3.02,0.63,9.3,0
6.6,0.15,0.34,5.1,0.055,34,125,0.9942,3.36,0.42,9.6,0
6.8,0.26,0.24,7.8,0.052,54,214,0.9961,3.13,0.47,8.9,0
7.1,0.32,0.24,13.1,0.05,52,204,0.998,3.1,0.49,8.8,0
6.8,0.26,0.24,7.8,0.052,54,214,0.9961,3.13,0.47,8.9,0
6.8,0.27,0.26,16.1,0.049,55,196,0.9984,3.15,0.5,9.3,0
7.1,0.32,0.24,13.1,0.05,52,204,0.998,3.1,0.49,8.8,0
5.8,0.28,0.35,2.3,0.053,36,114,0.9924,3.28,0.5,10.2,0
10.2,0.44,0.88,6.2,0.049,20,124,0.9968,2.99,0.51,9.9,0
6.8,0.57,0.29,2.2,0.04,15,77,0.9938,3.32,0.74,10.2,0
5.6,0.245,0.25,9.7,0.032,12,68,0.994,3.31,0.34,10.5,0
6.8,0.18,0.38,1.4,0.038,35,111,0.9918,3.32,0.59,11.2,1
6.2,0.25,0.25,1.4,0.03,35,105,0.9912,3.3,0.44,11.1,1
5.8,0.26,0.24,9.2,0.044,55,152,0.9961,3.31,0.38,9.4,0
7.5,0.27,0.36,7,0.036,45,164,0.9939,3.03,0.33,11,0
5.8,0.26,0.24,9.2,0.044,55,152,0.9961,3.31,0.38,9.4,0
7.5,0.27,0.36,7,0.036,45,164,0.9939,3.03,0.33,11,0
6.2,0.25,0.25,1.4,0.03,35,105,0.9912,3.3,0.44,11.1,1
7,0.26,0.59,1.4,0.037,40,120,0.9918,3.34,0.41,11.1,1
7.3,0.32,0.23,13.7,0.05,49,197,0.9985,3.2,0.46,8.7,0
6.9,0.4,0.56,11.2,0.043,40,142,0.9975,3.14,0.46,8.7,0
6.8,0.21,0.27,2.1,0.03,26,139,0.99,3.16,0.61,12.6,1
5.8,0.2,0.27,1.4,0.031,12,77,0.9905,3.25,0.36,10.9,1
6.9,0.4,0.56,11.2,0.043,40,142,0.9975,3.14,0.46,8.7,0
6.3,0.35,0.3,5.7,0.035,8,97,0.9927,3.27,0.41,11,1
6.3,0.35,0.3,5.7,0.035,8,97,0.9927,3.27,0.41,11,1
6.9,0.29,0.4,19.45,0.043,36,156,0.9996,2.93,0.47,8.9,0
6.9,0.28,0.4,8.2,0.036,15,95,0.9944,3.17,0.33,10.2,0
6.9,0.29,0.4,19.45,0.043,36,156,0.9996,2.93,0.47,8.9,0
5.2,0.6,0.07,7,0.044,33,147,0.9944,3.33,0.58,9.7,0
7,0.29,0.54,10.7,0.046,59,234,0.9966,3.05,0.61,9.5,0
7.7,0.26,0.4,1.1,0.042,9,60,0.9915,2.89,0.5,10.6,0
6.8,0.32,0.34,1.2,0.044,14,67,0.9919,3.05,0.47,10.6,0
7,0.24,0.36,2.8,0.034,22,112,0.99,3.19,0.38,12.6,1
6.1,0.31,0.58,5,0.039,36,114,0.9909,3.3,0.6,12.3,1
6.8,0.44,0.37,5.1,0.047,46,201,0.9938,3.08,0.65,10.5,0
7.1,0.35,0.24,15.4,0.055,46,198,0.9988,3.12,0.49,8.8,0
6.2,0.28,0.22,7.3,0.041,26,157,0.9957,3.44,0.64,9.8,1
9.1,0.59,0.38,1.6,0.066,34,182,0.9968,3.23,0.38,8.5,0
7.2,0.19,0.46,3.8,0.041,82,187,0.9932,3.19,0.6,11.2,1
7.2,0.43,0.24,6.7,0.058,40,163,0.995,3.2,0.41,9.9,0
6.2,0.33,0.27,4.9,0.036,30,134,0.9927,3.2,0.42,10.4,1
6.1,0.36,0.27,2.1,0.035,16,100,0.9917,3.4,0.71,11.5,1
5,0.55,0.14,8.3,0.032,35,164,0.9918,3.53,0.51,12.5,1
5.8,0.34,0.21,6.6,0.04,50,167,0.9941,3.29,0.62,10,0
5.9,0.3,0.47,7.85,0.03,19,133,0.9933,3.52,0.43,11.5,1
6,0.1,0.24,1.1,0.041,15,65,0.9927,3.61,0.61,10.3,1
8.3,0.41,0.51,2,0.046,11,207,0.993,3.02,0.55,11.4,0
7.5,0.27,0.31,5.8,0.057,131,313,0.9946,3.18,0.59,10.5,0
5.6,0.26,0.26,5.7,0.031,12,80,0.9923,3.25,0.38,10.8,0
5.9,0.26,0.4,1.3,0.047,12,139,0.9945,3.45,0.53,10.4,0
6.6,0.18,0.35,1.5,0.049,49,141,0.9934,3.43,0.85,10.2,1
5.4,0.31,0.47,3,0.053,46,144,0.9931,3.29,0.76,10,0
7.6,0.17,0.45,11.2,0.054,56,137,0.997,3.15,0.47,10,0
6.3,0.12,0.36,2.1,0.044,47,146,0.9914,3.27,0.74,11.4,1
7.1,0.365,0.14,1.2,0.055,24,84,0.9941,3.15,0.43,8.9,0
6.6,0.905,0.19,0.8,0.048,17,204,0.9934,3.34,0.56,10,0
5.1,0.33,0.22,1.6,0.027,18,89,0.9893,3.51,0.38,12.5,1
5.1,0.33,0.22,1.6,0.027,18,89,0.9893,3.51,0.38,12.5,1
5.1,0.33,0.22,1.6,0.027,18,89,0.9893,3.51,0.38,12.5,1
5,0.17,0.56,1.5,0.026,24,115,0.9906,3.48,0.39,10.8,1
6.3,0.39,0.35,5.9,0.04,82.5,260,0.9941,3.12,0.66,10.1,0
7,0.3,0.38,14.9,0.032,60,181,0.9983,3.18,0.61,9.3,1
7,0.3,0.38,14.9,0.032,60,181,0.9983,3.18,0.61,9.3,1
6.8,0.37,0.51,11.8,0.044,62,163,0.9976,3.19,0.44,8.8,0
8.2,0.28,0.42,1.8,0.031,30,93,0.9917,3.09,0.39,11.4,0
6.8,0.37,0.51,11.8,0.044,62,163,0.9976,3.19,0.44,8.8,0
7.1,0.27,0.31,18.2,0.046,55,252,1,3.07,0.56,8.7,0
6.9,0.49,0.24,1.2,0.049,13,125,0.9932,3.17,0.51,9.4,0
8.2,0.28,0.42,1.8,0.031,30,93,0.9917,3.09,0.39,11.4,0
6.9,0.23,0.38,8.3,0.047,47,162,0.9954,3.34,0.52,10.5,1
6.8,0.29,0.5,13.3,0.053,48,194,0.9974,3.09,0.45,9.4,0
7.8,0.21,0.27,1.2,0.051,20,89,0.9936,3.06,0.46,9.1,0
6.8,0.29,0.5,13.3,0.053,48,194,0.9974,3.09,0.45,9.4,0
7.4,0.155,0.34,2.3,0.045,73.5,214,0.9934,3.18,0.61,9.9,1
7.2,0.55,0.09,1.5,0.108,16,151,0.9938,3.07,0.57,9.2,0
7,0.23,0.36,7.1,0.028,31,104,0.9922,3.35,0.47,12.1,1
7.4,0.155,0.34,2.3,0.045,73.5,214,0.9934,3.18,0.61,9.9,1
6,0.25,0.28,2.2,0.026,54,126,0.9898,3.43,0.65,12.9,1
7.1,0.32,0.32,11,0.038,16,66,0.9937,3.24,0.4,11.5,0
6.1,0.2,0.25,1.2,0.038,34,128,0.9921,3.24,0.44,10.1,0
6,0.27,0.27,1.6,0.046,32,113,0.9924,3.41,0.51,10.5,1
6.3,0.23,0.31,1.5,0.022,11,82,0.9892,3.3,0.4,12.9,1
7,0.25,0.29,15.2,0.047,40,171,0.9982,3.22,0.45,9.3,0
5.9,0.25,0.19,12.4,0.047,50,162,0.9973,3.35,0.38,9.5,0
6.5,0.38,0.34,3.4,0.036,34,200,0.9937,3.14,0.76,10,0
7.4,0.28,0.36,1.1,0.028,42,105,0.9893,2.99,0.39,12.4,1
6.7,0.47,0.34,8.9,0.043,31,172,0.9964,3.22,0.6,9.2,0
6.7,0.47,0.34,8.9,0.043,31,172,0.9964,3.22,0.6,9.2,0
6.8,0.18,0.37,1.6,0.055,47,154,0.9934,3.08,0.45,9.1,0
7.2,0.34,0.34,12.6,0.048,7,41,0.9942,3.19,0.4,11.7,0
7.9,0.19,0.26,2.1,0.039,8,143,0.9942,3.05,0.74,9.8,0
7.9,0.19,0.26,2.1,0.039,8,143,0.9942,3.05,0.74,9.8,0
6.4,0.18,0.48,4,0.186,64,150,0.9945,3.06,0.4,9.3,0
6.1,0.24,0.3,1.5,0.045,22,61,0.992,3.31,0.54,10.4,0
7.2,0.46,0.65,10.4,0.05,76,192,0.9976,3.16,0.42,8.7,0
6.5,0.18,0.31,1.7,0.044,30,127,0.9928,3.49,0.5,10.2,1
7.2,0.46,0.65,10.4,0.05,76,192,0.9976,3.16,0.42,8.7,0
7,0.3,0.51,13.6,0.05,40,168,0.9976,3.07,0.52,9.6,1
9.2,0.25,0.34,1.2,0.026,31,93,0.9916,2.93,0.37,11.3,1
7.8,0.28,0.34,1.6,0.028,32,118,0.9901,3,0.38,12.1,1
7,0.3,0.51,13.6,0.05,40,168,0.9976,3.07,0.52,9.6,1
7.8,0.28,0.34,1.6,0.028,32,118,0.9901,3,0.38,12.1,1
9.2,0.25,0.34,1.2,0.026,31,93,0.9916,2.93,0.37,11.3,1
8.4,0.35,0.71,12.2,0.046,22,160,0.9982,2.98,0.65,9.4,0
5.9,0.37,0.1,1.6,0.057,39,128,0.9924,3.24,0.48,10.1,0
7.4,0.3,0.22,1.4,0.046,16,135,0.9928,3.08,0.77,10.4,1
6,0.26,0.5,2.2,0.048,59,153,0.9928,3.08,0.61,9.8,0
7.2,0.2,0.34,2.7,0.032,49,151,0.99,3.16,0.39,12.7,1
7.4,0.2,0.33,1.9,0.035,39,138,0.991,3.17,0.44,11.7,1
6,0.38,0.26,6,0.034,42,134,0.9912,3.38,0.38,12.3,1
5.7,0.18,0.22,4.2,0.042,25,111,0.994,3.35,0.39,9.4,0
6.1,0.32,0.25,1.7,0.034,37,136,0.992,3.47,0.5,10.8,1
6.9,0.28,0.27,2.1,0.036,42,121,0.9926,3.42,0.49,10.8,1
7.1,0.31,0.5,14.5,0.059,6,148,0.9983,2.94,0.44,9.1,0
6.9,0.41,0.33,10.1,0.043,28,152,0.9968,3.2,0.52,9.4,0
6.3,0.27,0.38,0.9,0.051,7,140,0.9926,3.45,0.5,10.5,1
6.9,0.41,0.33,10.1,0.043,28,152,0.9968,3.2,0.52,9.4,0
7.5,0.21,0.68,10.9,0.045,38,133,0.9978,3,0.36,8.7,0
7.5,0.21,0.68,10.9,0.045,38,133,0.9978,3,0.36,8.7,0
7.6,0.56,0.12,10.4,0.096,22,177,0.9983,3.32,0.45,9.1,0
6.2,0.17,0.28,4.7,0.037,39,133,0.9931,3.41,0.46,10.8,1
7.4,0.28,0.25,11.9,0.053,25,148,0.9976,3.1,0.62,9.2,0
5.6,0.35,0.14,5,0.046,48,198,0.9937,3.3,0.71,10.3,0
5.8,0.335,0.14,5.8,0.046,49,197,0.9937,3.3,0.71,10.3,0
5.6,0.235,0.29,1.2,0.047,33,127,0.991,3.34,0.5,11,1
6.1,0.28,0.25,12.9,0.054,34,189,0.9979,3.25,0.43,9,0
6.5,0.33,0.72,1.1,0.061,7,151,0.993,3.09,0.57,9.5,0
7.1,0.26,0.34,14.4,0.067,35,189,0.9986,3.07,0.53,9.1,1
7.1,0.26,0.34,14.4,0.067,35,189,0.9986,3.07,0.53,9.1,1
7.1,0.26,0.34,14.4,0.067,35,189,0.9986,3.07,0.53,9.1,1
7.1,0.26,0.34,14.4,0.067,35,189,0.9986,3.07,0.53,9.1,1
7.3,0.34,0.21,3.2,0.05,14,136,0.9936,3.25,0.44,10.2,0
6.8,0.29,0.16,1.4,0.038,122.5,234.5,0.9922,3.15,0.47,10,0
7.1,0.28,0.26,1.9,0.049,12,86,0.9934,3.15,0.38,9.4,0
7,0.57,0.1,8.3,0.094,23,188,0.9972,3.4,0.47,9.2,0
7.1,0.28,0.26,1.9,0.049,12,86,0.9934,3.15,0.38,9.4,0
6.4,0.24,0.5,11.6,0.047,60,211,0.9966,3.18,0.57,9.3,0
7.1,0.32,0.34,14.5,0.039,46,150,0.995,3.38,0.5,12.5,1
6.4,0.32,0.5,10.7,0.047,57,206,0.9968,3.08,0.6,9.4,0
5.8,0.32,0.38,4.75,0.033,23,94,0.991,3.42,0.42,11.8,1
5.8,0.32,0.38,4.75,0.033,23,94,0.991,3.42,0.42,11.8,1
6.7,0.28,0.14,1.4,0.043,64,159,0.992,3.17,0.39,10,0
6.8,0.34,0.69,1.3,0.058,12,171,0.9931,3.06,0.47,9.7,0
8.1,0.46,0.31,1.7,0.052,50,183,0.9923,3.03,0.42,11.2,0
6.2,0.36,0.26,13.2,0.051,54,201,0.9976,3.25,0.46,9,0
6.8,0.22,0.35,5.5,0.043,21,114,0.9938,3.3,0.53,10.7,1
6.8,0.67,0.3,13,0.29,22,193,0.9984,3.08,0.67,9,0
6.7,0.17,0.37,2,0.039,34,125,0.9922,3.26,0.6,10.8,1
6.9,0.2,0.34,1.9,0.043,25,136,0.9935,3.31,0.6,10.1,0
5.9,0.37,0.14,6.3,0.036,34,185,0.9944,3.17,0.63,9.8,0
7.5,0.31,0.51,14.8,0.039,62,204,0.9982,3.06,0.6,9.5,0
7.5,0.31,0.51,14.8,0.039,62,204,0.9982,3.06,0.6,9.5,0
8.4,0.4,0.7,13.1,0.042,29,197,0.998,3.06,0.64,9.7,0
5.9,0.34,0.22,2.4,0.03,19,135,0.9894,3.41,0.78,13.9,1
6.1,0.25,0.24,12.1,0.046,51,172,0.998,3.35,0.45,9.5,0
6.2,0.21,0.27,1.7,0.038,41,150,0.9933,3.49,0.71,10.5,1
6.2,0.21,0.27,1.7,0.038,41,150,0.9933,3.49,0.71,10.5,1
7.4,0.29,0.5,1.8,0.042,35,127,0.9937,3.45,0.5,10.2,1
6,0.3,0.44,1.5,0.046,15,182,0.99455,3.5,0.52,10.4,0
6.6,0.33,0.31,1.3,0.02,29,89,0.99035,3.26,0.44,12.4,1
7.8,0.3,0.4,1.8,0.028,23,122,0.9914,3.14,0.39,10.9,1
6.4,0.24,0.31,2.8,0.038,41,114,0.99155,3.37,0.66,11.7,1
7,0.21,0.34,8,0.057,19,101,0.9954,2.99,0.59,9.4,0
6,0.33,0.27,0.8,0.185,12,188,0.9924,3.12,0.62,9.4,0
8.8,0.28,0.45,6,0.022,14,49,0.9934,3.01,0.33,11.1,1
7.1,0.21,0.31,3.8,0.021,40,142,0.99215,3.17,0.39,10.8,1
5.8,0.25,0.28,11.1,0.056,45,175,0.99755,3.42,0.43,9.5,0
7.1,0.14,0.4,1.2,0.051,55,136,0.9932,3.3,0.96,9.8,1
7.1,0.13,0.4,1.2,0.047,54,134,0.9932,3.3,0.97,9.8,1
6.8,0.24,0.49,19.3,0.057,55,247,1.00055,3,0.56,8.7,0
7.2,0.23,0.19,13.7,0.052,47,197,0.99865,3.12,0.53,9,0
6.9,0.22,0.37,15,0.053,59,178,0.9992,3.37,0.82,9.5,1
8.1,0.17,0.44,14.1,0.053,43,145,1.0006,3.28,0.75,8.8,1
6.9,0.22,0.37,15,0.053,59,178,0.9992,3.37,0.82,9.5,1
8.1,0.17,0.44,14.1,0.053,43,145,1.0006,3.28,0.75,8.8,1
7.2,0.23,0.19,13.7,0.052,47,197,0.99865,3.12,0.53,9,0
7.4,0.32,0.27,1.4,0.049,38,173,0.99335,3.03,0.52,9.3,0
6,0.28,0.49,6.8,0.048,61,222,0.9953,3.19,0.47,9.3,0
6.6,0.21,0.31,11.4,0.039,46,165,0.99795,3.41,0.44,9.8,1
6.4,0.31,0.26,13.2,0.046,57,205,0.9975,3.17,0.41,9.6,0
6,0.28,0.49,6.8,0.048,61,222,0.9953,3.19,0.47,9.3,0
6.4,0.35,0.28,1.1,0.055,9,160,0.99405,3.42,0.5,9.1,1
6.2,0.3,0.17,2.8,0.04,24,125,0.9939,3.01,0.46,9,0
6.2,0.3,0.17,2.8,0.04,24,125,0.9939,3.01,0.46,9,0
6.8,0.18,0.21,5.4,0.053,34,104,0.99445,3.3,0.43,9.4,0
7.3,0.3,0.34,2.7,0.044,34,108,0.99105,3.36,0.53,12.8,1
7.5,0.42,0.34,4.3,0.04,34,108,0.99155,3.14,0.45,12.8,1
7.3,0.25,0.36,2.1,0.034,30,177,0.99085,3.25,0.4,11.9,1
7.3,0.25,0.36,2.1,0.034,30,177,0.99085,3.25,0.4,11.9,1
7.3,0.25,0.36,2.1,0.034,30,177,0.99085,3.25,0.4,11.9,1
7.5,0.34,0.35,6,0.034,12,126,0.9924,3.16,0.39,12,1
7.6,0.33,0.35,6.3,0.036,12,126,0.9924,3.16,0.39,12,1
6.9,0.19,0.35,1.7,0.036,33,101,0.99315,3.21,0.54,10.8,1
9.2,0.34,0.27,1.2,0.026,17,73,0.9921,3.08,0.39,10.8,0
6.9,0.19,0.35,1.7,0.036,33,101,0.99315,3.21,0.54,10.8,1
8.2,0.38,0.49,13.6,0.042,58,166,0.99855,3.1,0.54,9.4,0
7.4,0.2,0.35,2.1,0.038,30,116,0.9949,3.49,0.77,10.3,1
8.2,0.38,0.49,13.6,0.042,58,166,0.99855,3.1,0.54,9.4,0
8.1,0.27,0.35,1.7,0.03,38,103,0.99255,3.22,0.63,10.4,1
4.8,0.33,0,6.5,0.028,34,163,0.9937,3.35,0.61,9.9,0
7.8,0.18,0.46,12.6,0.042,41,143,1,3.24,0.76,8.5,1
7.3,0.28,0.42,14.4,0.04,49,173,0.9994,3.28,0.82,9,1
6.9,0.36,0.34,4.2,0.018,57,119,0.9898,3.28,0.36,12.7,1
8.3,0.27,0.45,1.3,0.048,8,72,0.9944,3.08,0.61,10.3,0
7.5,0.24,0.31,13,0.049,46,217,0.9985,3.08,0.53,8.8,0
6.3,0.33,0.2,5.8,0.04,24,144,0.99425,3.15,0.63,9.9,0
5.8,0.29,0.05,0.8,0.038,11,30,0.9924,3.36,0.35,9.2,0
8.6,0.18,0.4,1.1,0.04,20,107,0.9923,2.94,0.32,10.2,1
7.9,0.28,0.41,2,0.044,50,152,0.9934,3.45,0.49,10.7,1
5.4,0.595,0.1,2.8,0.042,26,80,0.9932,3.36,0.38,9.3,0
6.7,0.25,0.33,2.9,0.057,52,173,0.9934,3.02,0.48,9.5,1
7.7,0.17,0.52,5.9,0.017,21,84,0.9929,3.14,0.4,11.9,1
6.4,0.26,0.43,12.6,0.033,64,230,0.9974,3.08,0.38,8.9,0
7.7,0.24,0.29,15.3,0.044,39,194,0.9982,3.06,0.47,9.6,1
6.2,0.34,0.28,7.5,0.034,40,197,0.99485,3.14,0.6,9.7,0
6.5,0.18,0.33,8,0.051,16,131,0.9965,3.28,0.44,8.7,1
8.2,0.345,1,18.2,0.047,55,205,0.99965,2.96,0.43,9.6,0
7.3,0.25,0.39,6.4,0.034,8,84,0.9942,3.18,0.46,11.5,0
7.6,0.345,0.26,1.9,0.043,15,134,0.9936,3.08,0.38,9.5,0
8.2,0.23,0.37,1.3,0.042,39,117,0.9928,2.99,0.36,10,0
7.6,0.345,0.26,1.9,0.043,15,134,0.9936,3.08,0.38,9.5,0
6.6,0.23,0.32,0.9,0.041,25,79,0.9926,3.39,0.54,10.2,1
8.3,0.23,0.43,3.2,0.035,14,101,0.9928,3.15,0.36,11.5,0
5.5,0.42,0.09,1.6,0.019,18,68,0.9906,3.33,0.51,11.4,1
7.6,0.3,0.25,4.3,0.054,22,111,0.9956,3.12,0.49,9.2,0
6.9,0.19,0.33,1.6,0.043,63,149,0.9925,3.44,0.52,10.8,0
6.9,0.19,0.33,1.6,0.043,63,149,0.9925,3.44,0.52,10.8,0
7.7,0.28,0.39,8.9,0.036,8,117,0.9935,3.06,0.38,12,1
8.2,0.26,0.44,1.3,0.046,7,69,0.9944,3.14,0.62,10.2,0
7.6,0.21,0.6,2.1,0.046,47,165,0.9936,3.05,0.54,10.1,1
8,0.19,0.36,1.8,0.05,16,84,0.9936,3.15,0.45,9.8,1
6.4,0.28,0.41,6.8,0.045,61,216,0.9952,3.09,0.46,9.4,0
5.1,0.52,0.06,2.7,0.052,30,79,0.9932,3.32,0.43,9.3,0
7.7,0.16,0.41,1.7,0.048,60,173,0.9932,3.24,0.66,11.2,1
6.2,0.25,0.47,11.6,0.048,62,210,0.9968,3.19,0.5,9.5,0
6.1,0.16,0.27,12.6,0.064,63,162,0.9994,3.66,0.43,8.9,0
6.8,0.37,0.47,11.2,0.071,44,136,0.9968,2.98,0.88,9.2,0
8.6,0.2,0.42,1.5,0.041,35,125,0.9925,3.11,0.49,11.4,1
8.6,0.2,0.42,1.5,0.041,35,125,0.9925,3.11,0.49,11.4,1
6.8,0.19,0.32,7.05,0.019,54,188,0.9935,3.25,0.37,11.1,1
6.3,0.6,0.44,11,0.05,50,245,0.9972,3.19,0.57,9.3,0
7.5,0.17,0.37,1.5,0.06,18,75,0.9936,3.54,0.88,10.7,0
7.1,0.47,0.24,6,0.044,11,77,0.9956,3.21,0.56,9.7,0
7.5,0.33,0.48,19.45,0.048,55,243,1.001,2.95,0.4,8.8,0
7.3,0.15,0.4,2,0.05,24,92,0.9932,3.14,0.45,10.5,0
6.5,0.19,0.1,1.3,0.046,23,107,0.9937,3.29,0.45,10,0
8.3,0.4,0.38,1.1,0.038,15,75,0.9934,3.03,0.43,9.2,0
7.6,0.29,0.42,1.3,0.035,18,86,0.9908,2.99,0.39,11.3,0
8.6,0.26,0.41,2.2,0.049,29,111,0.9941,2.96,0.44,10,0
5.3,0.3,0.2,1.1,0.077,48,166,0.9944,3.3,0.54,8.7,0
8,0.26,0.36,2,0.054,30,121,0.992,3.09,0.72,11.6,1
7,0.21,0.28,7.5,0.07,45,185,0.9966,3.34,0.55,9.4,0
6.7,0.26,0.26,4.1,0.073,36,202,0.9956,3.3,0.67,9.5,0
8.3,0.22,0.38,14.8,0.054,32,126,1.0002,3.22,0.5,9.7,0
8.8,0.33,0.44,6.35,0.024,9,87,0.9917,2.96,0.4,12.6,1
8.3,0.22,0.38,14.8,0.054,32,126,1.0002,3.22,0.5,9.7,0
7.7,0.34,0.3,8,0.048,25,192,0.9951,2.97,0.47,10.9,0
7.8,0.26,0.44,1.3,0.037,43,132,0.9944,3.18,0.65,10,0
6.5,0.26,0.34,16.3,0.051,56,197,1.0004,3.49,0.42,9.8,0
6.8,0.15,0.33,4.7,0.059,31,118,0.9956,3.43,0.39,9,1
7.3,0.31,0.69,10.2,0.041,58,160,0.9977,3.06,0.45,8.6,0
5.2,0.24,0.45,3.8,0.027,21,128,0.992,3.55,0.49,11.2,1
7,0.24,0.32,1.3,0.037,39,123,0.992,3.17,0.42,11.2,1
8.4,0.17,0.31,6.7,0.038,29,132,0.9945,3.1,0.32,10.6,1
5.3,0.24,0.33,1.3,0.033,25,97,0.9906,3.59,0.38,11,1
6.3,0.16,0.4,1.6,0.033,59,148,0.9914,3.44,0.53,11.4,0
7.9,0.29,0.39,6.7,0.036,6,117,0.9938,3.12,0.42,10.7,0
7.3,0.31,0.69,10.2,0.041,58,160,0.9977,3.06,0.45,8.6,0
5.5,0.32,0.45,4.9,0.028,25,191,0.9922,3.51,0.49,11.5,1
5.2,0.24,0.45,3.8,0.027,21,128,0.992,3.55,0.49,11.2,1
6.1,0.29,0.27,1.7,0.024,13,76,0.9893,3.21,0.51,12.6,1
9.2,0.22,0.4,2.4,0.054,18,151,0.9952,3.04,0.46,9.3,0
7.4,0.18,0.4,1.6,0.047,22,102,0.9937,3.28,0.44,10.7,0
6.5,0.52,0.17,1.4,0.047,5,26,0.9932,3.26,0.32,10,0
7,0.15,0.38,2.2,0.047,33,96,0.9928,3.13,0.39,10.4,1
5.9,0.415,0.13,1.4,0.04,11,64,0.9922,3.29,0.52,10.5,0
8.1,0.45,0.34,8.3,0.037,33,216,0.9976,3.31,0.64,9.7,0
5.8,0.415,0.13,1.4,0.04,11,64,0.9922,3.29,0.52,10.5,0
6.4,0.5,0.16,12.9,0.042,26,138,0.9974,3.28,0.33,9,0
6.6,0.25,0.39,1.45,0.04,40,89,0.9911,3.35,0.4,11.4,1
9.8,0.36,0.45,1.6,0.042,11,124,0.9944,2.93,0.46,10.8,0
6.4,0.125,0.29,5.85,0.042,24,99,0.992,3.23,0.32,12,1
8.7,0.22,0.42,2.3,0.053,27,114,0.994,2.99,0.43,10,0
7.4,0.41,0.34,4.7,0.042,19,127,0.9953,3.25,0.42,10.4,0
6.1,0.31,0.37,8.4,0.031,70,170,0.9934,3.42,0.4,11.7,1
9.2,0.28,0.46,3.2,0.058,39,133,0.996,3.14,0.58,9.5,0
9,0.31,0.49,6.9,0.034,26,91,0.9937,2.99,0.34,11.5,0
9.2,0.28,0.46,3.2,0.058,39,133,0.996,3.14,0.58,9.5,0
7.2,0.24,0.3,1.6,0.048,27,131,0.9933,3.25,0.45,10.5,0
7.2,0.25,0.32,1.5,0.047,27,132,0.9933,3.26,0.44,10.5,0
6.8,0.32,0.18,7.5,0.041,71,223,0.9959,3.14,0.41,8.9,0
9.1,0.27,0.32,1.1,0.031,15,151,0.9936,3.03,0.41,10.6,0
8.9,0.34,0.32,1.3,0.041,12,188,0.9953,3.17,0.49,9.5,0
6.9,0.32,0.17,7.6,0.042,69,219,0.9959,3.13,0.4,8.9,0
6.8,0.32,0.18,7.5,0.041,71,223,0.9959,3.14,0.41,8.9,0
6.1,0.6,0,1.3,0.042,24,79,0.9937,3.31,0.38,9.4,0
6,0.24,0.32,6.3,0.03,34,129,0.9946,3.52,0.41,10.4,0
6.4,0.25,0.41,8.6,0.042,57,173,0.9965,3,0.44,9.1,0
6.3,0.32,0.35,11.1,0.039,29,198,0.9984,3.36,0.5,9.4,1
9.8,0.44,0.4,2.8,0.036,35,167,0.9956,2.97,0.39,9.2,0
7.2,0.2,0.25,4.5,0.044,31,109,0.9949,3.23,0.36,9.4,0
7.9,0.46,0.32,4.1,0.033,40,138,0.9912,3.18,0.44,12.8,1
6.5,0.41,0.64,11.8,0.065,65,225,0.9978,3.12,0.51,8.9,0
7.5,0.32,0.37,1.2,0.048,22,184,0.9938,3.09,0.43,9.3,0
7,0.17,0.37,1.5,0.028,26,75,0.9922,3.3,0.46,10.8,1
7.3,0.27,0.39,6.7,0.064,28,188,0.9958,3.29,0.3,9.7,0
8,0.28,0.42,7.1,0.045,41,169,0.9959,3.17,0.43,10.6,0
8,0.28,0.42,7.1,0.045,41,169,0.9959,3.17,0.43,10.6,0
7.2,0.23,0.39,2.3,0.033,29,102,0.9908,3.26,0.54,12.3,1
7.2,0.23,0.39,2.3,0.033,29,102,0.9908,3.26,0.54,12.3,1
8.3,0.33,0.42,1.15,0.033,18,96,0.9911,3.2,0.32,12.4,0
7.8,0.32,0.31,1.7,0.036,46,195,0.993,3.03,0.48,10.5,0
7.3,0.24,0.39,3.6,0.024,35,116,0.9928,3.17,0.51,10.9,0
7.1,0.44,0.37,2.7,0.041,35,128,0.9896,3.07,0.43,13.5,1
7.1,0.44,0.37,2.7,0.041,35,128,0.9896,3.07,0.43,13.5,1
6.4,0.26,0.22,5.1,0.037,23,131,0.9944,3.29,0.32,10.1,0
8,0.66,0.72,17.55,0.042,62,233,0.9999,2.92,0.68,9.4,0
7.2,0.18,0.31,1.1,0.045,20,73,0.9925,3.32,0.4,10.8,1
8.4,0.57,0.44,10.7,0.051,46,195,0.9981,3.15,0.51,10.4,0
5.3,0.26,0.23,5.15,0.034,48,160,0.9952,3.82,0.51,10.5,1
5.7,0.245,0.33,1.1,0.049,28,150,0.9927,3.13,0.42,9.3,0
7.3,0.25,0.41,1.8,0.037,52,165,0.9911,3.29,0.39,12.2,1
7.2,0.14,0.35,1.2,0.036,15,73,0.9938,3.46,0.39,9.9,0
7.6,0.31,0.29,10.5,0.04,21,145,0.9966,3.04,0.35,9.4,0
7,0.39,0.31,5.3,0.169,32,162,0.9965,3.2,0.48,9.4,0
7.6,0.31,0.29,10.5,0.04,21,145,0.9966,3.04,0.35,9.4,0
7.4,0.31,0.74,10.7,0.039,51,147,0.9977,3.02,0.43,8.7,0
6.6,0.16,0.29,1.8,0.05,40,147,0.9912,3.06,0.44,11.4,1
8,0.59,0.71,17.35,0.038,61,228,1,2.95,0.75,9.3,0
9.7,0.14,0.59,1.5,0.049,23,142,0.9958,2.98,0.62,9.5,0
7,0.15,0.34,1.4,0.039,21,177,0.9927,3.32,0.62,10.8,0
6.2,0.2,0.26,1.7,0.093,40,161,0.9924,3.44,0.66,11,0
8.4,0.19,0.43,2.1,0.052,20,104,0.994,2.85,0.46,9.5,0
7.8,0.21,0.39,1.8,0.034,62,180,0.991,3.09,0.75,12.6,1
7.8,0.29,0.36,7,0.042,38,161,0.9941,3.26,0.37,11.2,1
7.3,0.23,0.37,1.9,0.041,51,165,0.9908,3.26,0.4,12.2,1
7,0.46,0.39,6.2,0.039,46,163,0.9928,3.21,0.35,12.2,1
7.8,0.29,0.36,7,0.042,38,161,0.9941,3.26,0.37,11.2,1
6.8,0.35,0.32,2.4,0.048,35,103,0.9911,3.28,0.46,12,1
6.5,0.19,0.32,1.4,0.04,31,132,0.9922,3.36,0.54,10.8,1
6.7,0.13,0.28,1.2,0.046,35,140,0.9927,3.33,0.33,10.1,1
8.3,0.26,0.41,9.2,0.042,41,162,0.9944,3.1,0.38,12,1
6.2,0.3,0.32,1.7,0.032,30,130,0.9911,3.28,0.41,11.2,1
6.9,0.28,0.3,1.6,0.047,46,132,0.9918,3.35,0.38,11.1,1
6.9,0.19,0.33,1.6,0.039,27,98,0.9898,3.09,0.46,12.3,1
7.4,0.4,0.29,5.4,0.044,31,122,0.994,3.3,0.5,11.1,1
9,0.31,0.48,6.6,0.043,11,73,0.9938,2.9,0.38,11.6,0
5.9,0.415,0.02,0.8,0.038,22,63,0.9932,3.36,0.36,9.3,0
6.9,0.35,0.74,1,0.044,18,132,0.992,3.13,0.55,10.2,0
5.3,0.165,0.24,1.1,0.051,25,105,0.9925,3.32,0.47,9.1,0
9.8,0.25,0.74,10,0.056,36,225,0.9977,3.06,0.43,10,0
7.4,0.25,0.49,1.1,0.042,35,156,0.9917,3.13,0.55,11.3,0
8.2,0.18,0.49,1.1,0.033,28,81,0.9923,3,0.68,10.4,1
6.1,0.22,0.49,1.5,0.051,18,87,0.9928,3.3,0.46,9.6,0
6.1,0.22,0.49,1.5,0.051,18,87,0.9928,3.3,0.46,9.6,0
7.4,0.25,0.49,1.1,0.042,35,156,0.9917,3.13,0.55,11.3,0
6.9,0.23,0.24,14.2,0.053,19,94,0.9982,3.17,0.5,9.6,0
8.2,0.18,0.49,1.1,0.033,28,81,0.9923,3,0.68,10.4,1
6.3,0.23,0.49,7.1,0.05,67,210,0.9951,3.23,0.34,9.5,0
8,0.25,0.49,1.2,0.061,27,117,0.9938,3.08,0.34,9.4,0
7.6,0.52,0.49,14,0.034,37,156,0.9958,3.14,0.38,11.8,1
8.3,0.21,0.49,19.8,0.054,50,231,1.0012,2.99,0.54,9.2,0
6.9,0.34,0.74,11.2,0.069,44,150,0.9968,3,0.81,9.2,0
8,0.44,0.49,9.1,0.031,46,151,0.9926,3.16,0.27,12.7,1
7,0.2,0.74,0.8,0.044,19,163,0.9931,3.46,0.53,10.2,0
7.1,0.25,0.49,3,0.03,30,96,0.9903,3.13,0.39,12.3,1
7.6,0.52,0.49,14,0.034,37,156,0.9958,3.14,0.38,11.8,1
7.8,0.21,0.49,1.35,0.052,6,48,0.9911,3.15,0.28,11.4,0
6.9,0.25,0.24,3.6,0.057,13,85,0.9942,2.99,0.48,9.5,0
7.1,0.85,0.49,8.7,0.028,40,184,0.9962,3.22,0.36,10.7,0
6.9,0.25,0.24,3.6,0.057,13,85,0.9942,2.99,0.48,9.5,0
6.8,0.27,0.49,1.2,0.044,35,126,0.99,3.13,0.48,12.1,1
8.3,0.2,0.49,1.7,0.04,34,169,0.9938,3.05,0.37,10.1,0
6.6,0.3,0.24,1.2,0.034,17,121,0.9933,3.13,0.36,9.2,0
6.8,0.36,0.24,4.6,0.039,24,124,0.9909,3.27,0.34,12.6,1
7.9,0.2,0.49,1.6,0.053,15,144,0.993,3.16,0.47,10.5,0
7.3,0.22,0.49,9.4,0.034,29,134,0.9939,2.99,0.32,11,1
8.3,0.2,0.49,1.7,0.04,34,169,0.9938,3.05,0.37,10.1,0
6.6,0.3,0.24,1.2,0.034,17,121,0.9933,3.13,0.36,9.2,0
7.2,0.27,0.74,12.5,0.037,47,156,0.9981,3.04,0.44,8.7,0
7.2,0.27,0.74,12.5,0.037,47,156,0.9981,3.04,0.44,8.7,0
7.5,0.23,0.49,7.7,0.049,61,209,0.9941,3.14,0.3,11.1,1
6.9,0.3,0.49,7.6,0.057,25,156,0.9962,3.43,0.63,11,1
6.9,0.24,0.49,1.3,0.032,35,148,0.9932,3.45,0.57,10.7,1
7.1,0.34,0.49,1.5,0.027,26,126,0.99,3.3,0.33,12.2,1
7.6,0.18,0.49,18.05,0.046,36,158,0.9996,3.06,0.41,9.2,0
7.5,0.19,0.49,1.8,0.055,19,110,0.9946,3.33,0.44,9.9,0
6.7,0.3,0.74,5,0.038,35,157,0.9945,3.21,0.46,9.9,0
8.5,0.17,0.49,8.8,0.048,23,108,0.9947,2.88,0.34,10.5,0
6.4,0.18,0.74,11.9,0.046,54,168,0.9978,3.58,0.68,10.1,0
8.4,0.24,0.49,7.4,0.039,46,108,0.9934,3.03,0.33,11.9,1
6.4,0.18,0.74,11.9,0.046,54,168,0.9978,3.58,0.68,10.1,0
9.3,0.31,0.49,1.3,0.042,34,147,0.9948,3.11,0.46,9.8,0
5.6,0.39,0.24,4.7,0.034,27,77,0.9906,3.28,0.36,12.7,0
5.6,0.41,0.24,1.9,0.034,10,53,0.98815,3.32,0.5,13.5,1
6.7,0.41,0.01,2.8,0.048,39,137,0.9942,3.24,0.35,9.5,0
7.1,0.26,0.49,2.2,0.032,31,113,0.9903,3.37,0.42,12.9,1
5.8,0.19,0.49,4.9,0.04,44,118,0.9935,3.34,0.38,9.5,1
6.9,0.27,0.49,23.5,0.057,59,235,1.0024,2.98,0.47,8.6,0
8.1,0.2,0.49,11.8,0.048,46,212,0.9968,3.09,0.46,10,1
8,0.29,0.49,11.7,0.035,40,131,0.9958,3.14,0.34,10.8,0
6.2,0.22,0.49,6,0.029,31,128,0.9928,3.41,0.36,11.3,1
7.4,0.19,0.49,6.7,0.037,15,110,0.9938,3.2,0.38,11,1
7.8,0.49,0.49,7,0.043,29,149,0.9952,3.21,0.33,10,0
7.8,0.49,0.49,7,0.043,29,149,0.9952,3.21,0.33,10,0
7.3,0.19,0.49,15.55,0.058,50,134,0.9998,3.42,0.36,9.1,1
7.3,0.19,0.49,15.55,0.058,50,134,0.9998,3.42,0.36,9.1,1
7.5,0.24,0.49,9.4,0.048,50,149,0.9962,3.17,0.59,10.5,1
7.1,0.3,0.49,1.6,0.045,31,100,0.9942,3.4,0.59,10.2,0
7.6,0.31,0.49,3.95,0.044,27,131,0.9912,3.08,0.67,12.8,1
6.6,0.46,0.49,7.4,0.052,19,184,0.9956,3.11,0.38,9,0
7.8,0.28,0.49,1.3,0.046,27,142,0.9936,3.09,0.59,10.2,0
6.6,0.325,0.49,7.7,0.049,53,217,0.996,3.16,0.4,9.3,0
6.7,0.21,0.49,1.4,0.047,30,114,0.9914,2.92,0.42,10.8,1
8.1,0.28,0.46,15.4,0.059,32,177,1.0004,3.27,0.58,9,0
6.5,0.13,0.37,1,0.036,48,114,0.9911,3.41,0.51,11.5,1
7.8,0.445,0.56,1,0.04,8,84,0.9938,3.25,0.43,10.8,0
7.9,0.18,0.33,1.2,0.033,20,72,0.9922,3.12,0.38,10.5,1
6.4,0.35,0.2,5.7,0.034,18,117,0.9944,3.33,0.43,10.1,0
7.2,0.25,0.28,14.4,0.055,55,205,0.9986,3.12,0.38,9,1
7.2,0.25,0.28,14.4,0.055,55,205,0.9986,3.12,0.38,9,1
7.2,0.25,0.28,14.4,0.055,55,205,0.9986,3.12,0.38,9,1
6.7,0.25,0.26,1.55,0.041,118.5,216,0.9949,3.55,0.63,9.4,0
9,0.43,0.3,1.5,0.05,7,175,0.9951,3.11,0.45,9.7,0
7.2,0.25,0.28,14.4,0.055,55,205,0.9986,3.12,0.38,9,1
7.9,0.29,0.36,11.1,0.033,43,208,0.9969,3.14,0.46,10.3,0
6.5,0.27,0.19,4.2,0.046,6,114,0.9955,3.25,0.35,8.6,0
6.8,0.22,0.3,13.6,0.055,50,180,0.9984,3.44,0.39,9.8,0
6.8,0.3,0.24,6.6,0.123,35,116,0.9953,3.07,0.48,9.4,0
9.3,0.2,0.33,1.7,0.05,28,178,0.9954,3.16,0.43,9,0
7.6,0.2,0.39,2.6,0.044,30,180,0.9941,3.46,0.44,10.8,1
8.2,0.15,0.48,2.7,0.052,24,190,0.995,3.5,0.45,10.9,1
6.8,0.3,0.24,6.6,0.123,35,116,0.9953,3.07,0.48,9.4,0
6.1,0.22,0.23,3.1,0.052,15,104,0.9948,3.14,0.42,8.7,0
7.5,0.15,0.38,1.8,0.054,19,101,0.9946,3.24,0.44,10,0
8.4,0.29,0.29,1.05,0.032,4,55,0.9908,2.91,0.32,11.4,0
6.6,0.22,0.58,1.1,0.133,52,136,0.9932,3.1,0.3,9.1,0
6.1,0.34,0.31,12,0.053,46,238,0.9977,3.16,0.48,8.6,0
6.7,0.16,0.28,2.5,0.046,40,153,0.9921,3.38,0.51,11.4,1
7.4,0.23,0.25,1.4,0.049,43,141,0.9934,3.42,0.54,10.2,1
6.7,0.27,0.25,8,0.053,54,202,0.9961,3.22,0.43,9.3,0
6.9,0.29,0.23,8.6,0.056,56,215,0.9967,3.17,0.44,8.8,0
6.7,0.27,0.25,8,0.053,54,202,0.9961,3.22,0.43,9.3,0
6.9,0.29,0.23,8.6,0.056,56,215,0.9967,3.17,0.44,8.8,0
7.7,0.43,0.28,4.5,0.046,33,102,0.9918,3.16,0.56,12.2,1
6.6,0.25,0.35,14,0.069,42,163,0.999,3.56,0.47,9.8,0
6.4,0.15,0.36,1.8,0.034,43,150,0.9922,3.42,0.69,11,1
6.4,0.15,0.36,1.8,0.034,43,150,0.9922,3.42,0.69,11,1
7.2,0.26,0.3,2.1,0.033,50,158,0.9909,3.33,0.43,12.1,1
9.4,0.16,0.3,1.4,0.042,26,176,0.9954,3.15,0.46,9.1,0
7.4,0.35,0.31,17.95,0.062,42,187,1.0002,3.27,0.64,9.1,0
6.6,0.37,0.24,2,0.064,23,120,0.9946,3.32,0.54,9.4,0
7.1,0.37,0.32,1.4,0.037,27,126,0.9918,3.19,0.62,12,0
9.4,0.16,0.23,1.6,0.042,14,67,0.9942,3.07,0.32,9.5,0
7.5,0.33,0.39,12.4,0.065,29,119,0.9974,3.16,0.39,9.4,0
7.6,0.38,0.2,3.4,0.046,9,116,0.9944,3.15,0.41,9.4,0
7.5,0.33,0.39,12.4,0.065,29,119,0.9974,3.16,0.39,9.4,0
7.6,0.38,0.2,3.4,0.046,9,116,0.9944,3.15,0.41,9.4,0
8.2,0.42,0.29,4.1,0.03,31,100,0.9911,3,0.32,12.8,1
6.7,0.27,0.3,13.9,0.029,34,131,0.9953,3.36,0.5,12,1
7.4,0.29,0.31,1.7,0.035,23,110,0.9926,3.07,0.38,10.9,0
8.2,0.42,0.29,4.1,0.03,31,100,0.9911,3,0.32,12.8,1
6.5,0.32,0.12,11.5,0.033,35,165,0.9974,3.22,0.32,9,0
7.1,0.32,0.4,1.5,0.034,13,84,0.9944,3.42,0.6,10.4,0
6.5,0.32,0.12,11.5,0.033,35,165,0.9974,3.22,0.32,9,0
7.4,0.49,0.24,15.1,0.03,34,153,0.9953,3.13,0.51,12,1
7.4,0.49,0.24,15.1,0.03,34,153,0.9953,3.13,0.51,12,1
8,0.55,0.42,12.6,0.211,37,213,0.9988,2.99,0.56,9.3,0
7.2,0.24,0.29,2.2,0.037,37,102,0.992,3.27,0.64,11,1
7.2,0.24,0.29,2.2,0.037,37,102,0.992,3.27,0.64,11,1
7.6,0.26,0.58,7.9,0.041,62,180,0.9966,3.07,0.38,9,0
7.1,0.25,0.25,1.6,0.046,50,181,0.9925,3.2,0.42,11,1
6.8,0.24,0.35,6.4,0.048,44,172,0.9944,3.29,0.55,10.5,1
8.9,0.34,0.34,1.6,0.056,13,176,0.9946,3.14,0.47,9.7,0
8.9,0.33,0.34,1.4,0.056,14,171,0.9946,3.13,0.47,9.7,0
7.3,0.13,0.31,2.3,0.054,22,104,0.9924,3.24,0.92,11.5,1
8.2,0.18,0.28,8.5,0.035,41,140,0.9952,3.04,0.37,10.1,1
5.8,0.33,0.2,16.05,0.047,26,166,0.9976,3.09,0.46,8.9,0
5.8,0.33,0.2,16.05,0.047,26,166,0.9976,3.09,0.46,8.9,0
7.9,0.29,0.31,7.35,0.034,37,154,0.9938,3.06,0.31,10.8,0
6.4,0.22,0.32,7.9,0.029,34,124,0.9948,3.4,0.39,10.2,0
7.3,0.24,0.41,13.6,0.05,41,178,0.9988,3.37,0.43,9.7,0
7.2,0.24,0.4,17.85,0.049,50,185,1,3.34,0.42,9.6,0
7.6,0.15,0.4,1.3,0.036,24,112,0.9932,3.14,0.76,10,0
7.6,0.33,0.41,13.7,0.045,44,197,0.9989,3.18,0.64,9.1,0
6.8,0.24,0.31,18.3,0.046,40,142,1,3.3,0.41,8.7,0
6.8,0.24,0.31,18.3,0.046,40,142,1,3.3,0.41,8.7,0
6.7,0.44,0.31,1.9,0.03,41,104,0.99,3.29,0.62,12.6,1
7.4,0.21,0.3,7.9,0.039,14,118,0.9942,2.96,0.34,10.4,0
6,0.28,0.35,1.9,0.037,16,120,0.9933,3.16,0.69,10.6,0
7.9,0.37,0.3,2.7,0.029,64,158,0.9916,3.12,0.59,12,1
7.6,0.13,0.34,9.3,0.062,40,126,0.9966,3.21,0.39,9.6,0
8.1,0.26,0.33,11.1,0.052,52.5,158,0.9976,3.03,0.49,10.2,1
7.6,0.13,0.34,9.3,0.062,40,126,0.9966,3.21,0.39,9.6,0
7.1,0.25,0.28,1.6,0.052,46,169,0.9926,3.05,0.41,10.5,0
7.2,0.16,0.35,1.2,0.031,27,84,0.9928,3.33,0.34,9.9,0
6.3,0.25,0.44,11.6,0.041,48,195,0.9968,3.18,0.52,9.5,0
6,0.45,0.42,1.1,0.051,61,197,0.9932,3.02,0.4,9,0
8,0.25,0.13,17.2,0.036,49,219,0.9996,2.96,0.46,9.7,0
8.1,0.31,0.36,8.2,0.028,29,142,0.9925,3.01,0.34,13,1
8,0.25,0.13,17.2,0.036,49,219,0.9996,2.96,0.46,9.7,0
7.2,0.15,0.33,1.1,0.027,16,63,0.9937,3.37,0.4,9.9,0
8.5,0.17,0.31,1,0.024,13,91,0.993,2.79,0.37,10.1,0
8.5,0.17,0.31,1,0.024,13,91,0.993,2.79,0.37,10.1,0
8.2,0.21,0.48,1.4,0.041,11,99,0.9958,3.17,0.57,9.9,0
6.8,0.31,0.42,6.9,0.046,50,173,0.9958,3.19,0.46,9,0
7.5,0.26,0.26,18.35,0.084,33,139,1.0011,3.17,0.39,8.8,0
7.5,0.26,0.26,18.35,0.084,33,139,1.0011,3.17,0.39,8.8,0
6.4,0.43,0.27,1.1,0.054,5,110,0.9939,3.24,0.52,9.1,0
6.8,0.31,0.09,1.4,0.04,56,145,0.9922,3.19,0.46,10,0
7.2,0.15,0.39,1.8,0.043,21,159,0.9948,3.52,0.47,10,0
8,0.4,0.33,7.7,0.034,27,98,0.9935,3.18,0.41,12.2,1
7.2,0.15,0.39,1.8,0.043,21,159,0.9948,3.52,0.47,10,0
9,0.55,0.3,8.1,0.026,14,71,0.993,2.94,0.36,11.8,0
9,0.55,0.3,8.1,0.026,14,71,0.993,2.94,0.36,11.8,0
7,0.2,0.34,2.1,0.049,12,136,0.9922,3.25,0.46,11.6,1
7.2,0.23,0.33,12.7,0.049,50,183,0.9987,3.41,0.4,9.8,0
8.8,0.2,0.28,1.1,0.018,18,72,0.9926,2.97,0.35,10.4,0
5.5,0.14,0.27,4.6,0.029,22,104,0.9949,3.34,0.44,9,0
5.5,0.14,0.27,4.6,0.029,22,104,0.9949,3.34,0.44,9,0
8.3,0.33,0.43,9.2,0.046,22,126,0.9982,3.38,0.47,9.3,0
6.8,0.34,0.44,6.6,0.052,28,156,0.9955,3.14,0.41,9.6,0
6.8,0.33,0.44,7,0.05,29,155,0.9955,3.14,0.42,9.5,0
6.3,0.28,0.24,8.45,0.031,32,172,0.9958,3.39,0.57,9.7,1
6.8,0.21,0.27,18.15,0.042,41,146,1.0001,3.3,0.36,8.7,0
6.8,0.21,0.27,18.15,0.042,41,146,1.0001,3.3,0.36,8.7,0
6.8,0.21,0.27,18.15,0.042,41,146,1.0001,3.3,0.36,8.7,0
6.7,0.31,0.31,4.9,0.031,20,151,0.9926,3.36,0.82,12,1
7.8,0.27,0.28,1.8,0.05,21,127,0.9934,3.15,0.44,9.9,0
6.6,0.23,0.27,5.6,0.043,43,164,0.9953,3.27,0.76,9.5,0
6.6,0.27,0.29,5.3,0.045,57,189,0.9953,3.31,0.79,9.8,0
6.8,0.36,0.32,1.6,0.039,10,124,0.9948,3.3,0.67,9.6,0
6.8,0.36,0.32,1.6,0.039,10,124,0.9948,3.3,0.67,9.6,0
9.4,0.3,0.32,10.7,0.029,14,111,0.9958,2.85,0.42,10.6,0
7.2,0.25,0.19,8,0.044,51,172,0.9964,3.16,0.44,9.2,0
7.2,0.24,0.19,7.7,0.045,53,176,0.9958,3.17,0.38,9.5,0
6.8,0.32,0.34,6,0.05,5,129,0.9953,3.19,0.4,9.1,0
6,0.16,0.3,6.7,0.043,43,153,0.9951,3.63,0.46,10.6,0
6.2,0.34,0.3,11.1,0.047,28,237,0.9981,3.18,0.49,8.7,0
6,0.27,0.15,1.5,0.056,35,128,0.9936,3.12,0.45,8.8,0
6,0.16,0.3,6.7,0.043,43,153,0.9951,3.63,0.46,10.6,0
6.8,0.32,0.34,6,0.05,5,129,0.9953,3.19,0.4,9.1,0
8.5,0.24,0.47,15.2,0.057,40,234,1.0005,3.02,0.66,9,0
5.7,0.33,0.15,1.9,0.05,20,93,0.9934,3.38,0.62,9.9,0
8,0.16,0.36,1.5,0.033,14,122,0.9941,3.2,0.39,10.3,0
6.9,0.26,0.33,12.6,0.051,59,173,0.998,3.39,0.38,9.9,0
9.1,0.33,0.38,1.7,0.062,50.5,344,0.9958,3.1,0.7,9.5,0
6.8,0.28,0.39,1.4,0.036,15,115,0.9918,3.27,0.72,11.7,0
5.5,0.24,0.32,8.7,0.06,19,102,0.994,3.27,0.31,10.4,0
7.7,0.28,0.35,15.3,0.056,31,117,0.9998,3.27,0.5,9.6,0
7.7,0.28,0.35,15.3,0.056,31,117,0.9998,3.27,0.5,9.6,0
7.5,0.26,0.52,13.2,0.047,64,179,0.9982,3.1,0.46,9,0
7.7,0.28,0.35,15.3,0.056,31,117,0.9998,3.27,0.5,9.6,0
6.3,0.24,0.37,1.8,0.031,6,61,0.9897,3.3,0.34,12.2,0
6.8,0.37,0.28,4,0.03,29,79,0.99,3.23,0.46,12.4,1
8.4,0.22,0.28,18.8,0.028,55,130,0.998,2.96,0.35,11.6,0
6.9,0.32,0.13,7.8,0.042,11,117,0.996,3.23,0.37,9.2,0
7.4,0.19,0.3,12.8,0.053,48.5,212,0.9986,3.14,0.49,9.1,1
6.9,0.32,0.13,7.8,0.042,11,117,0.996,3.23,0.37,9.2,0
6.6,0.32,0.27,10.9,0.041,37,146,0.9963,3.24,0.47,10,0
6.3,0.3,0.24,6.6,0.04,38,141,0.995,3.22,0.47,9.5,0
7.5,0.18,0.31,11.7,0.051,24,94,0.997,3.19,0.44,9.5,1
6.5,0.39,0.81,1.2,0.217,14,74,0.9936,3.08,0.53,9.5,0
6.8,0.25,0.18,1.4,0.056,13,137,0.9935,3.11,0.42,9.5,0
9.2,0.23,0.35,10.7,0.037,34,145,0.9981,3.09,0.32,9.7,0
6.8,0.25,0.18,1.4,0.056,13,137,0.9935,3.11,0.42,9.5,0
7.1,0.26,0.19,8.2,0.051,53,187,0.996,3.16,0.52,9.7,0
6.4,0.24,0.23,7.3,0.069,31,157,0.9962,3.25,0.53,9.1,0
7.1,0.26,0.19,8.2,0.051,53,187,0.996,3.16,0.52,9.7,0
7.7,0.39,0.34,10,0.056,35,178,0.9974,3.26,0.6,10.2,0
6.6,0.23,0.24,3.9,0.045,36,138,0.9922,3.15,0.64,11.3,1
7.1,0.26,0.3,2,0.031,13,128,0.9917,3.19,0.49,11.4,0
7.4,0.24,0.26,1.6,0.058,53,150,0.9936,3.18,0.5,9.9,1
7.1,0.26,0.3,2,0.031,13,128,0.9917,3.19,0.49,11.4,0
6.5,0.24,0.36,2.2,0.027,36,134,0.9898,3.28,0.36,12.5,1
8,0.45,0.28,10.8,0.051,25,157,0.9957,3.06,0.47,11.4,1
8,0.45,0.28,10.8,0.051,25,157,0.9957,3.06,0.47,11.4,1
7.7,0.27,0.61,12,0.046,64,179,0.9982,3.07,0.46,8.9,0
7.1,0.28,0.19,7.8,0.04,48,184,0.99579,3.16,0.5,9.4,0
6.4,0.34,0.2,14.9,0.06,37,162,0.9983,3.13,0.45,9,0
7.1,0.28,0.19,7.8,0.04,48,184,0.99579,3.16,0.5,9.4,0
6.7,0.23,0.42,11.2,0.047,52,171,0.99758,3.54,0.74,10.4,0
7,0.36,0.14,11.6,0.043,35,228,0.9977,3.13,0.51,8.9,0
7.5,0.31,0.24,7.1,0.031,28,141,0.99397,3.16,0.38,10.6,1
6.4,0.34,0.2,14.9,0.06,37,162,0.9983,3.13,0.45,9,0
6.3,0.27,0.18,7.7,0.048,45,186,0.9962,3.23,0.47,9,0
7.4,0.18,0.29,1.4,0.042,34,101,0.99384,3.54,0.6,10.5,1
6.3,0.27,0.18,7.7,0.048,45,186,0.9962,3.23,0.47,9,0
6.1,0.46,0.32,6.2,0.053,10,94,0.99537,3.35,0.47,10.1,0
7.4,0.33,0.26,15.6,0.049,67,210,0.99907,3.06,0.68,9.5,0
7.4,0.33,0.26,15.6,0.049,67,210,0.99907,3.06,0.68,9.5,0
7.4,0.33,0.26,15.6,0.049,67,210,0.99907,3.06,0.68,9.5,0
7.4,0.33,0.26,15.6,0.049,67,210,0.99907,3.06,0.68,9.5,0
6.6,0.41,0.24,4.9,0.158,47,144,0.99471,3.17,0.49,9.4,0
7.4,0.33,0.26,15.6,0.049,67,210,0.99907,3.06,0.68,9.5,0
7,0.36,0.3,5,0.04,40,143,0.99173,3.33,0.42,12.2,1
5.6,0.295,0.2,2.2,0.049,18,134,0.99378,3.21,0.68,10,0
9.4,0.28,0.3,1.6,0.045,36,139,0.99534,3.11,0.49,9.3,0
9.4,0.28,0.3,1.6,0.045,36,139,0.99534,3.11,0.49,9.3,0
7.5,0.24,0.62,10.6,0.045,51,153,0.99779,3.16,0.44,8.8,0
4.6,0.445,0,1.4,0.053,11,178,0.99426,3.79,0.55,10.2,0
8.3,0.27,0.34,10.2,0.048,50,118,0.99716,3.18,0.51,10.3,0
6.8,0.26,0.22,4.8,0.041,110,198,0.99437,3.29,0.67,10.6,0
6.5,0.28,0.35,9.8,0.067,61,180,0.9972,3.15,0.57,9,0
7.7,0.28,0.63,11.1,0.039,58,179,0.9979,3.08,0.44,8.8,0
7.9,0.46,0.4,10.1,0.168,19,184,0.99782,3.06,0.62,9.5,0
7.9,0.31,0.22,13.3,0.048,46,212,0.99942,3.47,0.59,10,0
7.6,0.48,0.33,7,0.024,14,130,0.9918,3.25,0.45,12.5,1
6,0.495,0.27,5,0.157,17,129,0.99396,3.03,0.36,9.3,0
8.2,0.25,0.46,3.75,0.05,14,102,0.99524,3.28,0.58,9.7,0
6.7,0.24,0.26,12.6,0.053,44,182,0.99802,3.42,0.42,9.7,0
6.6,0.32,0.24,1.3,0.06,42.5,204,0.99512,3.59,0.51,9.2,0
7.6,0.32,0.35,1.6,0.092,24,138,0.99438,3.19,0.44,9.8,0
7.4,0.33,0.44,7.6,0.05,40,227,0.99679,3.12,0.52,9,0
6,0.33,0.18,3,0.036,5,85,0.99125,3.28,0.4,11.5,0
7.6,0.48,0.37,1.2,0.034,5,57,0.99256,3.05,0.54,10.4,0
6.9,0.3,0.29,1.3,0.053,24,189,0.99362,3.29,0.54,9.9,0
7.6,0.21,0.35,1.2,0.041,7,106,0.9914,3.06,0.45,11.3,0
7,0.28,0.26,1.7,0.042,34,130,0.9925,3.43,0.5,10.7,1
6.4,0.17,0.34,1.5,0.091,42,135,0.9938,3.25,0.49,9.6,1
6.3,0.695,0.55,12.9,0.056,58,252,0.99806,3.29,0.49,8.7,0
9.8,0.16,0.46,1.8,0.046,23,130,0.99587,3.04,0.67,9.6,0
6.6,0.23,0.18,8.5,0.044,59,188,0.99558,3.16,0.49,9.5,0
6.1,0.36,0.41,19.35,0.07,67,207,1.00118,3.39,0.53,9.1,0
8.1,0.4,0.32,7.9,0.031,23,118,0.99176,3.05,0.46,13.3,1
6.8,0.26,0.43,11.75,0.045,53,198,0.9969,3.26,0.55,9.5,0
6.4,0.28,0.17,8.3,0.042,61,195,0.99577,3.22,0.46,9.4,0
6.4,0.27,0.17,8.4,0.044,60,198,0.99578,3.21,0.47,9.4,0
6.4,0.35,0.35,5.6,0.034,9,148,0.99441,3.17,0.5,9.8,0
6.9,0.43,0.28,9.4,0.056,29,183,0.99594,3.17,0.43,9.4,0
6.9,0.43,0.28,9.4,0.056,29,183,0.99594,3.17,0.43,9.4,0
6.6,0.32,0.33,2.5,0.052,40,219.5,0.99316,3.15,0.6,10,0
6.6,0.32,0.33,2.5,0.052,40,210,0.99316,3.15,0.6,10,0
7.3,0.19,0.27,1.6,0.027,35,136,0.99248,3.38,0.54,11,1
7.1,0.29,0.3,16,0.036,58,201,0.99954,3.3,0.67,9,0
8.2,0.26,0.33,2.6,0.053,11,71,0.99402,2.89,0.49,9.5,0
6,0.26,0.15,1.2,0.053,35,124,0.99347,3.08,0.46,8.8,0
6.8,0.34,0.1,1.4,0.049,29,118,0.9936,3.21,0.41,9.5,0
6.1,0.27,0.31,1.5,0.035,17,83,0.99076,3.32,0.44,11.1,1
6.1,0.27,0.31,1.5,0.035,17,83,0.99076,3.32,0.44,11.1,1
6.4,0.3,0.16,7.5,0.05,55,191,0.9959,3.17,0.49,9,0
6.7,0.24,0.32,10.3,0.079,37,122,0.99662,3.02,0.45,8.8,0
6,0.2,0.24,5.3,0.075,49,201,0.99466,3.21,0.43,9.5,0
6.3,0.18,0.22,1.5,0.043,45,155,0.99238,3.19,0.48,10.2,0
8.6,0.23,0.25,11.3,0.031,13,96,0.99645,3.11,0.4,10.8,0
6.8,0.21,0.36,18.1,0.046,32,133,1,3.27,0.48,8.8,0
6.8,0.21,0.36,18.1,0.046,32,133,1,3.27,0.48,8.8,0
6.8,0.21,0.36,18.1,0.046,32,133,1,3.27,0.48,8.8,0
7.1,0.34,0.31,5.2,0.032,36,140,0.99166,3.35,0.47,12.3,1
7.1,0.12,0.3,3.1,0.018,15,37,0.99004,3.02,0.52,11.9,1
7.1,0.12,0.3,3.1,0.018,15,37,0.99004,3.02,0.52,11.9,1
6.3,0.24,0.55,8.1,0.04,67,216,0.99596,3.24,0.5,9.2,0
7.5,0.41,0.23,14.8,0.054,28,174,0.99898,3.18,0.49,9.7,0
7.3,0.17,0.24,8.1,0.121,32,162,0.99508,3.17,0.38,10.4,1
7.5,0.41,0.23,14.8,0.054,28,174,0.99898,3.18,0.49,9.7,0
7.3,0.17,0.24,8.1,0.121,32,162,0.99508,3.17,0.38,10.4,1
6.6,0.42,0.13,12.8,0.044,26,158,0.99772,3.24,0.47,9,0
6.7,0.54,0.27,7.1,0.049,8,178,0.99502,3.16,0.38,9.4,0
6.7,0.54,0.27,7.1,0.049,8,178,0.99502,3.16,0.38,9.4,0
6.4,0.22,0.3,11.2,0.046,53,149,0.99479,3.21,0.34,10.8,0
7.5,0.2,0.47,16.9,0.052,51,188,0.99944,3.09,0.62,9.3,0
6.4,0.15,0.44,1.2,0.043,67,150,0.9907,3.14,0.73,11.2,1
6.4,0.15,0.44,1.2,0.043,67,150,0.9907,3.14,0.73,11.2,1
5.7,0.255,0.65,1.2,0.079,17,137,0.99307,3.2,0.42,9.4,0
6.9,0.28,0.22,10,0.052,36,131,0.99696,3.08,0.46,9.6,0
5.7,0.255,0.65,1.2,0.079,17,137,0.99307,3.2,0.42,9.4,0
7.3,0.37,0.16,14.9,0.048,59,240,0.99902,3.13,0.45,8.9,0
6.9,0.21,0.24,1.8,0.021,17,80,0.98992,3.15,0.46,12.3,1
6.3,0.34,0.36,4.9,0.035,31,185,0.9946,3.15,0.49,9.7,0
6.5,0.27,0.4,10,0.039,74,227,0.99582,3.18,0.5,9.4,0
6.7,0.25,0.36,8.6,0.037,63,206,0.99553,3.18,0.5,9.6,0
5.8,0.3,0.27,1.7,0.014,45,104,0.98914,3.4,0.56,12.6,1
6.8,0.18,0.3,12.8,0.062,19,171,0.99808,3,0.52,9,1
6.8,0.18,0.3,12.8,0.062,19,171,0.99808,3,0.52,9,1
6.8,0.18,0.3,12.8,0.062,19,171,0.99808,3,0.52,9,1
6.8,0.18,0.3,12.8,0.062,19,171,0.99808,3,0.52,9,1
6.8,0.18,0.3,12.8,0.062,19,171,0.99808,3,0.52,9,1
6.8,0.18,0.3,12.8,0.062,19,171,0.99808,3,0.52,9,1
6.8,0.18,0.3,12.8,0.062,19,171,0.99808,3,0.52,9,1
6.7,0.34,0.3,8.5,0.059,24,152,0.99615,3.46,0.64,11,1
7.3,0.32,0.29,1.5,0.038,32,144,0.99296,3.2,0.55,10.8,0
8.2,0.52,0.34,1.2,0.042,18,167,0.99366,3.24,0.39,10.6,0
6.8,0.11,0.42,1.1,0.042,51,132,0.99059,3.18,0.74,11.3,1
6.2,0.26,0.32,15.3,0.031,64,185,0.99835,3.31,0.61,9.4,0
6.15,0.21,0.37,3.2,0.021,20,80,0.99076,3.39,0.47,12,0
6.15,0.21,0.37,3.2,0.021,20,80,0.99076,3.39,0.47,12,0
4.5,0.19,0.21,0.95,0.033,89,159,0.99332,3.34,0.42,8,0
8,0.24,0.26,1.7,0.033,36,136,0.99316,3.44,0.51,10.4,1
7.8,0.17,0.23,1.7,0.029,39,128,0.99272,3.37,0.41,10.7,1
5.8,0.6,0,1.3,0.044,72,197,0.99202,3.56,0.43,10.9,0
7.2,0.24,0.27,11.4,0.034,40,174,0.99773,3.2,0.44,9,0
8.7,0.31,0.73,14.35,0.044,27,191,1.00013,2.96,0.88,8.7,0
7.2,0.24,0.27,11.4,0.034,40,174,0.99773,3.2,0.44,9,0
8.7,0.31,0.73,14.35,0.044,27,191,1.00013,2.96,0.88,8.7,0
6.1,0.15,0.35,15.8,0.042,55,158,0.99642,3.24,0.37,10.6,0
7.1,0.23,0.24,5.4,0.039,60,196,0.9948,3.19,0.78,10,0
6.45,0.14,0.42,1.2,0.05,51,129,0.99116,3.27,0.69,11.1,1
6.5,0.15,0.44,12.6,0.052,65,158,0.99688,3.26,0.7,10.3,1
8,0.13,0.25,1.1,0.033,15,86,0.99044,2.98,0.39,11.2,1
6.8,0.26,0.4,7.5,0.046,45,179,0.99583,3.2,0.49,9.3,0
7.2,0.32,0.24,5.6,0.033,23,120,0.99334,2.92,0.66,10.3,1
7.1,0.31,0.17,1,0.042,21,144,0.99304,3.13,0.4,9.6,0
7.1,0.31,0.17,1,0.042,21,144,0.99304,3.13,0.4,9.6,0
7,0.18,0.37,1.5,0.043,16,104,0.99216,3.18,0.5,10.8,0
7.8,0.25,0.34,13.7,0.044,66,184,0.99976,3.22,0.75,8.9,0
7.8,0.25,0.34,13.7,0.044,66,184,0.99976,3.22,0.75,8.9,0
6.4,0.21,0.44,7.4,0.045,47,182,0.9957,3.24,0.46,9.1,0
7.8,0.25,0.34,13.7,0.044,66,184,0.99976,3.22,0.75,8.9,0
6.9,0.23,0.32,16.4,0.045,62,153,0.9972,3.22,0.42,10.5,0
6.5,0.29,0.31,1.7,0.035,24,79,0.99053,3.27,0.69,11.4,1
6.8,0.3,0.22,6.2,0.06,41,190,0.99858,3.18,0.51,9.2,0
6.5,0.29,0.31,1.7,0.035,24,79,0.99053,3.27,0.69,11.4,1
6.9,0.615,0.42,12,0.067,24,131,0.99727,3.19,0.34,9.3,0
6.8,0.32,0.28,4.8,0.034,25,100,0.99026,3.08,0.47,12.4,1
6.9,0.615,0.42,12,0.067,24,131,0.99727,3.19,0.34,9.3,0
6,0.26,0.15,1.3,0.06,51,154,0.99354,3.14,0.51,8.7,0
7.3,0.32,0.35,1.4,0.05,8,163,0.99244,3.24,0.42,10.7,0
7.3,0.32,0.35,1.4,0.05,8,163,0.99244,3.24,0.42,10.7,0
6.2,0.29,0.32,3.6,0.026,39,138,0.9892,3.31,0.37,13.1,1
7.6,0.39,0.32,3.6,0.035,22,93,0.99144,3.08,0.6,12.5,1
7,0.36,0.32,10.05,0.045,37,131,0.99352,3.09,0.33,11.7,1
7,0.36,0.32,10.05,0.045,37,131,0.99352,3.09,0.33,11.7,1
7.6,0.39,0.32,3.6,0.035,22,93,0.99144,3.08,0.6,12.5,1
6.2,0.235,0.34,1.9,0.036,4,117,0.99032,3.4,0.44,12.2,0
6.9,0.4,0.42,6.2,0.066,41,176,0.99552,3.12,0.54,9.4,0
6.8,0.26,0.44,8.2,0.046,52,183,0.99584,3.2,0.51,9.4,0
6.5,0.37,0.3,2.2,0.033,39,107,0.98894,3.22,0.53,13.5,1
6.8,0.35,0.53,10.1,0.053,37,151,0.9963,3.07,0.4,9.4,0
6.4,0.22,0.32,7.2,0.028,15,83,0.993,3.13,0.55,10.9,1
6.5,0.37,0.3,2.2,0.033,39,107,0.98894,3.22,0.53,13.5,1
6.8,0.35,0.53,10.1,0.053,37,151,0.9963,3.07,0.4,9.4,0
6.9,0.31,0.32,1.6,0.036,34,114,0.99068,3.19,0.45,11.4,1
6.7,0.16,0.37,1.3,0.036,45,125,0.98964,3.19,0.51,12.4,1
6.8,0.26,0.44,8.2,0.046,52,183,0.99584,3.2,0.51,9.4,0
5.5,0.15,0.32,14,0.031,16,99,0.99437,3.26,0.38,11.5,1
6.4,0.22,0.32,7.2,0.028,15,83,0.993,3.13,0.55,10.9,1
5.8,0.32,0.31,2.7,0.049,25,153,0.99067,3.44,0.73,12.2,1
5.8,0.32,0.31,2.7,0.049,25,153,0.99067,3.44,0.73,12.2,1
6.6,0.36,0.24,0.9,0.038,15,72,0.99066,3.23,0.39,11,0
6.7,0.325,0.82,1.2,0.152,49,120,0.99312,2.99,0.38,9.2,0
6.6,0.4,0.46,6.2,0.056,42,241,0.9968,3.5,0.6,9.9,0
6.5,0.2,0.24,9.2,0.044,25,150,0.99502,3.22,0.44,10.5,0
6.4,0.14,0.31,1.2,0.034,53,138,0.99084,3.38,0.35,11.5,1
6.4,0.14,0.31,1.2,0.034,53,138,0.99084,3.38,0.35,11.5,1
7.1,0.26,0.32,16.2,0.044,31,170,0.99644,3.17,0.37,11.2,0
6.6,0.22,0.34,11.6,0.05,59,140,0.99526,3.22,0.4,10.8,0
8,0.22,0.31,5.6,0.049,24,97,0.993,3.1,0.42,10.9,0
6.5,0.22,0.29,7.4,0.028,16,87,0.99311,3.15,0.56,10.9,1
5.8,0.2,0.34,1,0.035,40,86,0.98993,3.5,0.42,11.7,0
7.7,0.43,0.37,10,0.169,22,210,0.99776,3.02,0.64,9.5,0
6.7,0.24,0.29,14.9,0.053,55,136,0.99839,3.03,0.52,9,0
6.7,0.48,0.32,1.4,0.021,22,121,0.9889,3.15,0.53,12.7,1
6.7,0.48,0.32,1.4,0.021,22,121,0.9889,3.15,0.53,12.7,1
4.2,0.17,0.36,1.8,0.029,93,161,0.98999,3.65,0.89,12,1
6.5,0.15,0.55,5.9,0.045,75,162,0.99482,2.97,0.4,9.3,0
7.9,0.25,0.35,6.7,0.039,22,64,0.99362,2.93,0.49,10.7,0
7,0.24,0.3,6.7,0.039,37,125,0.99436,3.2,0.39,9.9,0
6.8,0.475,0.33,3.95,0.047,16,81,0.98988,3.23,0.53,13.4,1
8.5,0.22,0.34,0.7,0.04,5,25,0.9918,3.04,0.37,10.5,0
6.2,0.16,0.34,1.7,0.038,85,153,0.9909,3.33,0.86,12,1
6.4,0.125,0.36,1.4,0.044,22,68,0.99014,3.15,0.5,11.7,1
6.4,0.44,0.26,2,0.054,20,180,0.9952,3.58,0.57,10,0
8.6,0.18,0.28,0.8,0.032,25,78,0.99104,2.99,0.38,11.1,0
6.2,0.21,0.26,13.1,0.05,59,150,0.99772,3.31,0.46,9,0
6.2,0.36,0.14,8.9,0.036,38,155,0.99622,3.27,0.5,9.4,0
6.6,0.26,0.46,6.9,0.047,59,183,0.99594,3.2,0.45,9.3,0
6.1,0.37,0.2,7.6,0.031,49,170,0.99558,3.22,0.48,9.5,0
6.2,0.36,0.14,8.9,0.036,38,155,0.99622,3.27,0.5,9.4,0
6.4,0.16,0.32,8.75,0.038,38,118,0.99449,3.19,0.41,10.7,0
7.4,0.28,0.4,11.9,0.032,13,92,0.99629,3.01,0.46,10.8,0
6.5,0.44,0.47,5.45,0.014,44,137,0.98984,3.13,0.32,13,1
7.7,0.25,0.3,7.8,0.038,67,196,0.99555,3.1,0.5,10.1,0
5.2,0.155,0.33,1.6,0.028,13,59,0.98975,3.3,0.84,11.9,1
5.2,0.155,0.33,1.6,0.028,13,59,0.98975,3.3,0.84,11.9,1
5.3,0.21,0.29,0.7,0.028,11,66,0.99215,3.3,0.4,9.8,0
7.1,0.27,0.28,1.25,0.023,3,89,0.98993,2.95,0.3,11.4,0
5.2,0.17,0.27,0.7,0.03,11,68,0.99218,3.3,0.41,9.8,0
7.7,0.25,0.3,7.8,0.038,67,196,0.99555,3.1,0.5,10.1,0
7,0.12,0.29,10.3,0.039,41,98,0.99564,3.19,0.38,9.8,1
7,0.12,0.29,10.3,0.039,41,98,0.99564,3.19,0.38,9.8,1
7,0.12,0.29,10.3,0.039,41,98,0.99564,3.19,0.38,9.8,1
6,0.28,0.25,1.8,0.042,8,108,0.9929,3.08,0.55,9,0
6,0.28,0.25,1.8,0.042,8,108,0.9929,3.08,0.55,9,0
6.4,0.29,0.3,2.9,0.036,25,79,0.99037,3.29,0.6,12.4,1
7.4,0.35,0.24,6,0.042,28,123,0.99304,3.14,0.44,11.3,0
7.3,0.4,0.26,5.45,0.016,26,90,0.98951,2.84,0.54,13.2,1
7.7,0.11,0.34,14.05,0.04,41,114,0.99634,3.07,0.59,11,1
6.9,0.38,0.38,13.1,0.112,14,94,0.99792,3.02,0.48,9.2,0
7.5,0.38,0.29,4.9,0.021,38,113,0.99026,3.08,0.48,13,1
5.8,0.19,0.24,1.3,0.044,38,128,0.99362,3.77,0.6,10.6,0
8.4,0.31,0.31,0.95,0.021,52,148,0.99038,2.93,0.32,11.5,0
8.4,0.31,0.31,0.95,0.021,52,148,0.99038,2.93,0.32,11.5,0
6.1,0.38,0.42,5,0.016,31,113,0.99007,3.15,0.31,12.4,1
5,0.27,0.32,4.5,0.032,58,178,0.98956,3.45,0.31,12.6,1
6.6,0.2,0.27,10.9,0.038,29,130,0.99496,3.11,0.44,10.5,1
6.5,0.35,0.36,0.8,0.034,32,111,0.98942,3.11,0.5,12.1,1
6.6,0.2,0.27,10.9,0.038,29,130,0.99496,3.11,0.44,10.5,1
5,0.27,0.32,4.5,0.032,58,178,0.98956,3.45,0.31,12.6,1
6.7,0.25,0.31,1.35,0.061,30.5,218,0.99388,3.16,0.53,9.5,0
8,0.74,0.21,4,0.05,24,133,0.99418,3.06,0.38,9.7,0
7.1,0.47,0.29,14.8,0.024,22,142,0.99518,3.12,0.48,12,1
7.1,0.47,0.29,14.8,0.024,22,142,0.99518,3.12,0.48,12,1
6,0.24,0.33,2.5,0.026,31,85,0.99014,3.13,0.5,11.3,1
6.3,0.2,0.37,11.8,0.045,58,130,0.99519,3.2,0.35,10.8,0
7.5,0.33,0.38,8.7,0.126,49,199,0.99711,2.98,0.57,9.4,0
6.2,0.255,0.24,1.7,0.039,138.5,272,0.99452,3.53,0.53,9.6,0
7.5,0.33,0.38,8.7,0.126,49,199,0.99711,2.98,0.57,9.4,0
5.6,0.2,0.66,10.2,0.043,78,175,0.9945,2.98,0.43,10.4,1
7.6,0.17,0.36,4.5,0.042,26,102,0.99427,3.09,0.47,9.5,0
6.9,0.28,0.41,1.4,0.016,6,55,0.98876,3.16,0.4,13.4,0
7.2,0.27,0.37,5.4,0.026,27,114,0.99174,3.13,0.84,12.7,0
6.2,0.25,0.54,7,0.046,58,176,0.99454,3.19,0.7,10.4,0
6.2,0.25,0.54,7,0.046,58,176,0.99454,3.19,0.7,10.4,0
6.2,0.25,0.54,7,0.046,58,176,0.99454,3.19,0.7,10.4,0
7.4,0.21,0.8,12.3,0.038,77,183,0.99778,2.95,0.48,9,0
7.4,0.21,0.8,12.3,0.038,77,183,0.99778,2.95,0.48,9,0
7.3,0.28,0.42,1.2,0.033,29,142,0.99205,3.17,0.43,10.7,0
7,0.53,0.43,6.1,0.029,6,76,0.99118,3.08,0.5,12.5,1
6.3,0.28,0.3,3.1,0.039,24,115,0.9942,3.05,0.43,8.6,0
7.1,0.28,0.35,3.5,0.028,35,91,0.99022,2.96,0.33,12.1,0
6.2,0.25,0.54,7,0.046,58,176,0.99454,3.19,0.7,10.4,0
5.8,0.31,0.32,4.5,0.024,28,94,0.98906,3.25,0.52,13.7,1
5.8,0.31,0.32,4.5,0.024,28,94,0.98906,3.25,0.52,13.7,1
6.1,0.2,0.34,9.5,0.041,38,201,0.995,3.14,0.44,10.1,0
6.2,0.36,0.38,3.2,0.031,20,89,0.98956,3.06,0.33,12,1
6.8,0.13,0.39,1.4,0.034,19,102,0.99121,3.23,0.6,11.3,1
6.6,0.78,0.5,1.5,0.045,30,133,0.99104,3.25,0.48,11.7,0
5.1,0.33,0.27,6.7,0.022,44,129,0.99221,3.36,0.39,11,1
6.7,0.34,0.4,2.1,0.033,34,111,0.98924,2.97,0.48,12.2,1
6.7,0.14,0.51,4.3,0.028,57,124,0.99176,2.91,0.54,10.7,1
7.6,0.35,0.46,14.7,0.047,33,151,0.99709,3.03,0.53,10.3,0
5.9,0.19,0.37,0.8,0.027,3,21,0.9897,3.09,0.31,10.8,0
7.4,0.23,0.38,8.6,0.052,41,150,0.99534,3.06,0.46,10.3,0
6.3,0.35,0.26,17.6,0.061,59,198,0.99918,3.11,0.49,8.8,0
5.6,0.19,0.27,0.9,0.04,52,103,0.99026,3.5,0.39,11.2,0
5.9,0.33,0.32,8.1,0.038,9,34,0.9911,3.22,0.36,12.7,1
5.5,0.19,0.27,0.9,0.04,52,103,0.99026,3.5,0.39,11.2,0
6.1,0.17,0.42,15.1,0.033,28,124,0.99684,2.87,0.47,9.5,0
6.1,0.17,0.42,15.1,0.033,28,124,0.99684,2.87,0.47,9.5,0
6.7,0.33,0.36,6.6,0.042,34,116,0.99123,2.97,0.31,12.2,1
8.7,0.3,0.59,1.7,0.046,10,70,0.99373,3.06,0.56,10.8,0
6.6,0.19,0.33,1.8,0.035,42,148,0.99196,3.15,0.36,10.2,0
5.7,0.16,0.32,1.2,0.036,7,89,0.99111,3.26,0.48,11,0
6.4,0.22,0.38,9.1,0.044,35,127,0.99326,2.97,0.3,11,1
6.4,0.22,0.38,9.1,0.044,35,127,0.99326,2.97,0.3,11,1
6.8,0.21,0.4,6.3,0.032,40,121,0.99214,3.18,0.53,12,1
5.2,0.31,0.36,5.1,0.031,46,145,0.9897,3.14,0.31,12.4,1
6.4,0.22,0.38,9.1,0.044,35,127,0.99326,2.97,0.3,11,1
5.8,0.33,0.23,5,0.053,29,106,0.99458,3.13,0.52,9,0
6.4,0.24,0.32,0.95,0.041,23,131,0.99033,3.25,0.35,11.8,0
7.2,0.13,0.46,1.3,0.044,48,111,0.99127,2.97,0.45,11.1,0
5.8,0.33,0.23,5,0.053,29,106,0.99458,3.13,0.52,9,0
6.2,0.35,0.31,2.6,0.036,37,92,0.98938,3.27,0.53,12.8,1
9,0.38,0.53,2.1,0.102,19,76,0.99001,2.93,0.57,12.9,0
6.7,0.31,0.32,14.5,0.038,6,79,0.99412,3.14,0.34,12.5,0
6.4,0.25,0.37,4.5,0.039,41,147,0.9921,3.18,0.4,11.1,1
7.1,0.26,0.37,5.5,0.025,31,105,0.99082,3.06,0.33,12.6,1
6.3,0.32,0.32,1.5,0.03,24,101,0.98923,3.21,0.42,13,0
4.2,0.215,0.23,5.1,0.041,64,157,0.99688,3.42,0.44,8.0,0
6.6,0.38,0.36,9.2,0.061,42,214,0.9976,3.31,0.56,9.4,0
6.4,0.15,0.29,1.8,0.044,21,115,0.99166,3.1,0.38,10.2,0
6.5,0.48,0.02,0.9,0.043,32,99,0.99226,3.14,0.47,9.8,0
6.6,0.23,0.3,4.6,0.06,29,154,0.99142,3.23,0.49,12.2,1
6.4,0.16,0.25,1.4,0.057,21,125,0.99091,3.23,0.44,11.1,1
6.6,0.38,0.36,9.2,0.061,42,214,0.9976,3.31,0.56,9.4,0
6.4,0.15,0.29,1.8,0.044,21,115,0.99166,3.1,0.38,10.2,0
6.7,0.12,0.36,2.3,0.039,43,125,0.99229,3.07,0.67,10.1,1
6.8,0.23,0.31,2.8,0.047,40,122,0.99126,3.06,0.64,10.9,1
6.6,0.28,0.42,8.2,0.044,60,196,0.99562,3.14,0.48,9.4,0
7.8,0.25,0.37,1,0.043,10,80,0.99128,3.08,0.38,11.4,0
5.6,0.12,0.33,2.9,0.044,21,73,0.98896,3.17,0.32,12.9,1
6.6,0.28,0.42,8.2,0.044,60,196,0.99562,3.14,0.48,9.4,0
6.5,0.25,0.5,7.6,0.047,54,184,0.99572,3.17,0.45,9.2,0
7.8,0.25,0.37,1,0.043,10,80,0.99128,3.08,0.38,11.4,0
5.6,0.12,0.33,2.9,0.044,21,73,0.98896,3.17,0.32,12.9,1
6,0.32,0.3,1.9,0.033,41,142,0.98912,3.29,0.42,12.8,1
6.3,0.19,0.29,2,0.022,33,96,0.98902,3.04,0.54,12.8,1
6,0.32,0.3,1.9,0.033,41,142,0.98912,3.29,0.42,12.8,1
9.4,0.24,0.29,8.5,0.037,124,208,0.99395,2.9,0.38,11,0
6.7,0.46,0.27,5.2,0.039,35,96,0.99129,3.16,0.44,12.4,1
6.3,0.3,0.29,2.1,0.048,33,142,0.98956,3.22,0.46,12.9,1
5.9,0.24,0.28,1.3,0.032,36,95,0.98889,3.08,0.64,12.9,1
7.3,0.145,0.33,1.1,0.042,14,64,0.99012,3.1,0.37,11.8,1
5.8,0.18,0.37,1.2,0.036,19,74,0.98853,3.09,0.49,12.7,1
5.7,0.26,0.3,1.8,0.039,30,105,0.98995,3.48,0.52,12.5,1
6.8,0.25,0.28,5,0.035,42,126,0.99048,3.12,0.38,12.6,1
5.8,0.17,0.36,1.3,0.036,11,70,0.99202,3.43,0.68,10.4,1
6.5,0.22,0.28,3.7,0.059,29,151,0.99177,3.23,0.41,12.1,1
6.9,0.36,0.28,13.55,0.048,51,189,0.99782,3,0.6,9.5,1
7.1,0.18,0.49,1.3,0.033,12,72,0.99072,3.05,0.53,11.3,1
7.6,0.2,0.26,4.8,0.033,26,76,0.99076,2.98,0.49,12.3,1
7.6,0.36,0.49,11.3,0.046,87,221,0.9984,3.01,0.43,9.2,0
7.6,0.36,0.49,11.3,0.046,87,221,0.9984,3.01,0.43,9.2,0
6.6,0.24,0.3,11.3,0.026,11,77,0.99381,3.13,0.55,12.8,1
6.9,0.28,0.3,8.3,0.026,37,113,0.99139,2.99,0.38,12.3,1
6.5,0.25,0.45,7.8,0.048,52,188,0.99576,3.2,0.53,9.1,0
6.1,0.33,0.32,7.8,0.052,52,183,0.99657,3.39,0.65,9.5,0
8.8,0.27,0.25,5,0.024,52,99,0.9925,2.87,0.49,11.4,0
6.1,0.33,0.32,7.8,0.052,52,183,0.99657,3.39,0.65,9.5,0
8.9,0.3,0.35,4.6,0.032,32,148,0.99458,3.15,0.45,11.5,1
8.9,0.3,0.35,4.6,0.032,32,148,0.99458,3.15,0.45,11.5,1
7.6,0.28,0.49,20.15,0.06,30,145,1.00196,3.01,0.44,8.5,0
6.8,0.17,0.32,1.4,0.04,35,106,0.99026,3.16,0.66,12,0
7.1,0.25,0.28,1.2,0.04,31,111,0.99174,3.18,0.53,11.1,0
5.9,0.27,0.27,5,0.035,14,97,0.99058,3.1,0.33,11.8,1
6.7,0.3,0.44,18.75,0.057,65,224,0.99956,3.11,0.53,9.1,0
6.7,0.47,0.29,4.75,0.034,29,134,0.99056,3.29,0.46,13,1
6.6,0.21,0.29,5.35,0.029,43,106,0.99112,2.93,0.43,11.5,1
6.6,0.21,0.29,5.35,0.029,43,106,0.99112,2.93,0.43,11.5,1
5.8,0.54,0,1.4,0.033,40,107,0.98918,3.26,0.35,12.4,0
6,0.39,0.13,1.2,0.042,60,172,0.99114,3.06,0.52,10.6,0
6.1,0.105,0.31,1.3,0.037,55,145,0.9912,3.41,0.41,11.1,1
6.9,0.29,0.41,7.8,0.046,52,171,0.99537,3.12,0.51,9.6,0
6.6,0.24,0.27,10.3,0.047,54,219,0.99742,3.04,0.45,8.8,0
6.6,0.16,0.36,1.1,0.031,27,93,0.98884,3.23,0.34,13.2,1
5.8,0.22,0.3,1.1,0.047,36,131,0.992,3.26,0.45,10.4,0
5.4,0.45,0.27,6.4,0.033,20,102,0.98944,3.22,0.27,13.4,1
7.5,0.21,0.32,4.8,0.056,39,113,0.99393,3.11,0.52,10.2,1
6.7,0.28,0.31,7.4,0.041,7,81,0.99254,3.04,0.47,11.4,1
6,0.28,0.27,15.5,0.036,31,134,0.99408,3.19,0.44,13,1
6,0.28,0.27,15.5,0.036,31,134,0.99408,3.19,0.44,13,1
6.3,0.22,0.28,2.4,0.042,38,102,0.98998,3.14,0.37,11.6,1
6,0.24,0.28,3.95,0.038,61,134,0.99146,3.3,0.54,11.3,1
6,0.28,0.27,15.5,0.036,31,134,0.99408,3.19,0.44,13,1
6.7,0.29,0.45,14.3,0.054,30,181,0.99869,3.14,0.57,9.1,0
6.9,0.33,0.31,4.2,0.04,21,93,0.9896,3.18,0.48,13.4,1
6.5,0.16,0.34,1.4,0.029,29,133,0.99108,3.33,0.64,11.5,1
7.1,0.36,0.28,2.4,0.036,35,115,0.98936,3.19,0.44,13.5,1
6.7,0.29,0.45,14.3,0.054,30,181,0.99869,3.14,0.57,9.1,0
6.5,0.19,0.28,1.4,0.046,22,90,0.99038,3.18,0.51,11.7,1
6.8,0.19,0.33,1.3,0.031,22,87,0.98987,3.08,0.62,12.3,1
7.5,0.2,0.41,1.2,0.05,26,131,0.99133,3.19,0.52,11.1,0
6.9,0.33,0.62,7.5,0.038,46,132,0.99143,3.23,0.43,13.4,1
6.6,0.32,0.41,7.2,0.048,55,178,0.99537,3.2,0.46,9.4,0
6.9,0.75,0.13,6.3,0.036,19,50,0.99312,3.09,0.25,11.1,0
6.4,0.28,0.44,7.1,0.048,49,179,0.99528,3.15,0.48,9.2,0
6.4,0.28,0.44,7.1,0.048,49,179,0.99528,3.15,0.48,9.2,0
4.8,0.21,0.21,10.2,0.037,17,112,0.99324,3.66,0.48,12.2,1
7,0.48,0.12,4.5,0.05,23,86,0.99398,2.86,0.35,9,0
7,0.48,0.12,4.5,0.05,23,86,0.99398,2.86,0.35,9,0
7.3,0.23,0.27,2.6,0.035,39,120,0.99138,3.04,0.59,11.3,1
6.7,0.22,0.22,1.2,0.038,5,124,0.99098,3.1,0.37,11.2,0
7.5,0.3,0.21,6.55,0.026,33,143,0.99244,2.92,0.35,11.1,0
7.2,0.26,0.24,7,0.023,19,130,0.99176,3.14,0.49,12.8,1
7,0.24,0.35,1,0.032,42,104,0.98988,3.16,0.37,11.7,1
6.4,0.28,0.36,1.3,0.053,28,186,0.99211,3.31,0.45,10.8,0
6.8,0.19,0.32,7.6,0.049,37,107,0.99332,3.12,0.44,10.7,1
7.2,0.16,0.29,1,0.031,40,123,0.98958,3.12,0.4,12.1,1
6.6,0.17,0.28,1.1,0.034,55,108,0.98939,3,0.52,11.9,1
7.7,0.32,0.61,11.8,0.041,66,188,0.99794,3,0.54,9.3,0
7,0.29,0.33,0.9,0.041,20,117,0.99048,3.21,0.5,11.4,0
6.3,0.2,0.26,4.7,0.04,108,168,0.99278,3.07,0.75,10.7,1
6.6,0.36,0.28,6.1,0.029,12,93,0.99054,3.19,0.27,12.8,1
7.7,0.32,0.61,11.8,0.041,66,188,0.99794,3,0.54,9.3,0
7,0.29,0.33,0.9,0.041,20,117,0.99048,3.21,0.5,11.4,0
6.4,0.37,0.2,5.6,0.117,61,183,0.99459,3.24,0.43,9.5,0
7.6,0.31,0.27,8.8,0.021,57,156,0.99442,3.08,0.38,11,1
6.4,0.29,0.32,2.4,0.014,34,89,0.99008,3.24,0.66,12.5,1
6.4,0.29,0.24,3.2,0.037,31,95,0.98942,2.9,0.66,12.6,1
7.3,0.31,0.25,6.65,0.032,30,138,0.99244,2.9,0.37,11.1,0
5.8,0.275,0.3,5.4,0.043,41,149,0.9926,3.33,0.42,10.8,1
5.4,0.53,0.16,2.7,0.036,34,128,0.98856,3.2,0.53,13.2,1
5.8,0.32,0.28,4.3,0.032,46,115,0.98946,3.16,0.57,13,1
5,0.29,0.54,5.7,0.035,54,155,0.98976,3.27,0.34,12.9,1
5.4,0.53,0.16,2.7,0.036,34,128,0.98856,3.2,0.53,13.2,1
6.8,0.21,0.26,11.7,0.038,61,152,0.99523,3.02,0.56,10.5,1
5.8,0.32,0.28,4.3,0.032,46,115,0.98946,3.16,0.57,13,1
6.5,0.27,0.26,11,0.03,2,82,0.99402,3.07,0.36,11.2,0
5.9,0.37,0.32,1.6,0.029,41,102,0.98916,3.41,0.55,12.7,1
6.6,0.34,0.2,1,0.053,26,112,0.99336,3.32,0.55,9.1,0
5.3,0.3,0.3,1.2,0.029,25,93,0.98742,3.31,0.4,13.6,1
7.2,0.23,0.25,18.8,0.085,19,111,1.00044,3.1,0.51,8.7,0
7,0.22,0.26,9.2,0.027,37,122,0.99228,3.06,0.34,12.5,1
6.4,0.16,0.44,1.2,0.051,39,122,0.99058,3.11,0.75,11.3,1
6.8,0.31,0.3,8,0.028,33,122,0.99164,3.13,0.63,12.6,1
6,0.16,0.27,12,0.03,39,98,0.99402,3.15,0.34,10.8,0
7,0.22,0.26,9.2,0.027,37,122,0.99228,3.06,0.34,12.5,1
6.8,0.31,0.3,8,0.028,33,122,0.99164,3.13,0.63,12.6,1
7.2,0.23,0.25,18.8,0.085,19,111,1.00044,3.1,0.51,8.7,0
6.4,0.16,0.44,1.2,0.051,39,122,0.99058,3.11,0.75,11.3,1
6.6,0.26,0.22,18.15,0.05,23,139,0.99904,3.06,0.5,9.2,0
7.7,0.35,0.46,11.8,0.088,61,183,0.99786,2.86,0.47,9,0
6.7,0.31,0.09,1.4,0.039,53,141,0.99206,3.12,0.44,10.1,0
6.6,0.28,0.23,10.4,0.049,45,190,0.99754,3.12,0.51,8.8,0
8.5,0.18,0.3,1.1,0.028,34,95,0.99272,2.83,0.36,10,0
6.6,0.26,0.22,18.15,0.05,23,139,0.99904,3.06,0.5,9.2,0
6.6,0.3,0.45,8,0.038,54,200,0.9956,3.18,0.48,9.5,0
6.3,0.34,0.27,2.5,0.024,40,152,0.99095,3.35,0.6,11.9,1
5.7,0.265,0.28,6.9,0.036,46,150,0.99299,3.36,0.44,10.8,1
5.7,0.265,0.28,6.9,0.036,46,150,0.99299,3.36,0.44,10.8,1
7.5,0.28,0.41,1.3,0.044,11,126,0.99293,3.28,0.45,10.3,0
7.5,0.28,0.41,1.3,0.044,11,126,0.99293,3.28,0.45,10.3,0
7,0.15,0.28,14.7,0.051,29,149,0.99792,2.96,0.39,9,1
7,0.15,0.28,14.7,0.051,29,149,0.99792,2.96,0.39,9,1
7,0.15,0.28,14.7,0.051,29,149,0.99792,2.96,0.39,9,1
7,0.15,0.28,14.7,0.051,29,149,0.99792,2.96,0.39,9,1
7,0.15,0.28,14.7,0.051,29,149,0.99792,2.96,0.39,9,1
7,0.15,0.28,14.7,0.051,29,149,0.99792,2.96,0.39,9,1
7,0.15,0.28,14.7,0.051,29,149,0.99792,2.96,0.39,9,1
7.4,0.27,0.28,1.8,0.04,45,121,0.99043,3.02,0.4,11.9,0
7,0.15,0.28,14.7,0.051,29,149,0.99792,2.96,0.39,9,1
5.5,0.17,0.23,2.9,0.039,10,108,0.99243,3.28,0.5,10,0
6.5,0.26,0.34,1.4,0.04,25,184,0.99216,3.29,0.46,10.7,0
6.6,0.27,0.33,1.4,0.042,24,183,0.99215,3.29,0.46,10.7,0
5.5,0.17,0.23,2.9,0.039,10,108,0.99243,3.28,0.5,10,0
6.5,0.26,0.34,1.4,0.04,25,184,0.99216,3.29,0.46,10.7,0
6.6,0.27,0.33,1.4,0.042,24,183,0.99215,3.29,0.46,10.7,0
6.9,0.4,0.17,12.9,0.033,59,186,0.99754,3.08,0.49,9.4,0
6.9,0.4,0.17,12.9,0.033,59,186,0.99754,3.08,0.49,9.4,0
6.9,0.4,0.17,12.9,0.033,59,186,0.99754,3.08,0.49,9.4,0
6.9,0.4,0.17,12.9,0.033,59,186,0.99754,3.08,0.49,9.4,0
7.4,0.27,0.31,2.4,0.014,15,143,0.99094,3.03,0.65,12,0
6.9,0.33,0.31,7.7,0.04,29,135,0.99226,3.11,0.57,12.3,0
6.3,0.15,0.3,1.4,0.022,38,100,0.99099,3.42,0.57,11.4,1
6.5,0.32,0.45,7.7,0.022,31,97,0.99134,3.2,0.7,12.7,1
7.4,0.29,0.48,12.8,0.037,61.5,182,0.99808,3.02,0.34,8.8,0
6.4,0.34,0.44,8.2,0.043,54,201,0.99551,3.18,0.48,9.5,0
6.6,0.27,0.52,8.1,0.044,53,202,0.99548,3.18,0.48,9.5,0
5.5,0.24,0.45,1.7,0.046,22,113,0.99224,3.22,0.48,10,0
7.9,0.21,0.39,2,0.057,21,138,0.99176,3.05,0.52,10.9,0
7.9,0.21,0.39,2,0.057,21,138,0.99176,3.05,0.52,10.9,0
7.9,0.21,0.39,2,0.057,21,138,0.99176,3.05,0.52,10.9,0
7.4,0.34,0.28,12.1,0.049,31,149,0.99677,3.22,0.49,10.3,0
6.7,0.26,0.49,8.1,0.052,48,197,0.99558,3.19,0.48,9.5,0
7.3,0.24,0.3,2.5,0.042,31,104,0.9911,3.05,0.56,11.3,1
5.1,0.23,0.18,1,0.053,13,99,0.98956,3.22,0.39,11.5,0
7.1,0.44,0.23,5.8,0.035,24,100,0.99062,3.15,0.57,13.2,1
4.8,0.26,0.23,10.6,0.034,23,111,0.99274,3.46,0.28,11.5,1
6.2,0.31,0.23,3.3,0.052,34,113,0.99429,3.16,0.48,8.4,0
6.2,0.31,0.23,3.3,0.052,34,113,0.99429,3.16,0.48,8.4,0
8.2,0.31,0.43,7,0.047,18,87,0.99628,3.23,0.64,10.6,0
7.3,0.25,0.26,7.2,0.048,52,207,0.99587,3.12,0.37,9.2,0
7.3,0.25,0.26,7.2,0.048,52,207,0.99587,3.12,0.37,9.2,0
6.6,0.39,0.22,4,0.038,17,98,0.99018,3.25,0.53,13,1
7.3,0.25,0.26,7.2,0.048,52,207,0.99587,3.12,0.37,9.2,0
7.3,0.36,0.54,13.3,0.054,63,193,0.99864,3.06,0.49,8.6,0
7.6,0.37,0.51,11.7,0.094,58,181,0.99776,2.91,0.51,9,0
6.7,0.26,0.51,8,0.062,50,194,0.99545,3.13,0.5,9.6,0
7.1,0.28,0.31,1.5,0.053,20,98,0.99069,3.15,0.5,11.4,0
6,0.21,0.3,8.7,0.036,47,127,0.99368,3.18,0.39,10.6,0
7,0.34,0.1,3.5,0.044,17,63,0.9937,3.01,0.39,9.2,0
8.5,0.23,0.34,1.3,0.035,54,110,0.99176,3.07,0.55,11,1
6,0.21,0.3,8.7,0.036,47,127,0.99368,3.18,0.39,10.6,0
7,0.34,0.1,3.5,0.044,17,63,0.9937,3.01,0.39,9.2,0
4.8,0.65,0.12,1.1,0.013,4,10,0.99246,3.32,0.36,13.5,0
5,0.455,0.18,1.9,0.036,33,106,0.98746,3.21,0.83,14,1
6.5,0.33,0.3,3.8,0.036,34,88,0.99028,3.25,0.63,12.5,1
6.5,0.33,0.3,3.8,0.036,34,88,0.99028,3.25,0.63,12.5,1
6.2,0.39,0.24,4.8,0.037,45,138,0.99174,3.23,0.43,11.2,1
6.2,0.39,0.24,4.8,0.037,45,138,0.99174,3.23,0.43,11.2,1
6.5,0.33,0.3,3.8,0.036,34,88,0.99028,3.25,0.63,12.5,1
6.2,0.39,0.24,4.8,0.037,45,138,0.99174,3.23,0.43,11.2,1
4.7,0.455,0.18,1.9,0.036,33,106,0.98746,3.21,0.83,14,1
7.3,0.36,0.34,14.8,0.057,46,173,0.99751,3.14,0.57,10.2,0
8.6,0.31,0.3,0.9,0.045,16,109,0.99249,2.95,0.39,10.1,0
8.6,0.31,0.3,0.9,0.045,16,109,0.99249,2.95,0.39,10.1,0
8.6,0.22,0.33,1.2,0.031,38,95,0.99239,2.83,0.31,10.3,0
7,0.46,0.2,16.7,0.046,50,184,0.99898,3.08,0.56,9.4,0
6.5,0.36,0.36,6.7,0.185,51.5,151,0.99528,3.17,0.42,9.3,0
4.9,0.345,0.34,1,0.068,32,143,0.99138,3.24,0.4,10.1,0
4.9,0.345,0.34,1,0.068,32,143,0.99138,3.24,0.4,10.1,0
8.4,0.22,0.3,1.3,0.038,45,122,0.99178,3.13,0.54,10.8,1
5.4,0.24,0.18,2.3,0.05,22,145,0.99207,3.24,0.46,10.3,0
7.7,0.31,0.36,4.3,0.026,15,87,0.99152,3.11,0.48,12,0
7.6,0.39,0.46,11.7,0.084,55,170,0.99773,2.91,0.51,9,0
7.2,0.58,0.27,5.8,0.032,40,118,0.99088,3.17,0.53,13,1
6,0.34,0.32,3.8,0.044,13,116,0.99108,3.39,0.44,11.8,1
7.3,0.38,0.23,6.5,0.05,18,102,0.99304,3.1,0.55,11.2,0
7,0.32,0.29,7.6,0.025,35,124,0.99162,3.15,0.65,12.8,1
6.5,0.29,0.53,1.7,0.04,41,192,0.9922,3.26,0.59,10.4,1
7,0.32,0.29,7.6,0.025,35,124,0.99162,3.15,0.65,12.8,1
6.9,0.2,0.41,1.1,0.06,36,104,0.99317,2.99,0.39,9.2,0
6.7,0.19,0.32,3.7,0.041,26,76,0.99173,2.9,0.57,10.5,1
6.7,0.28,0.34,8.9,0.048,32,111,0.99455,3.25,0.54,11,1
6.7,0.28,0.34,8.9,0.048,32,111,0.99455,3.25,0.54,11,1
8,0.37,0.31,4.7,0.038,3,127,0.99186,2.9,0.72,12.1,0
6.7,0.28,0.34,8.9,0.048,32,111,0.99455,3.25,0.54,11,1
6,0.26,0.29,3.1,0.041,37,144,0.98944,3.22,0.39,12.8,1
6.4,0.25,0.57,1,0.062,21,122,0.99238,3,0.4,9.5,0
6.5,0.38,0.26,5.2,0.042,33,112,0.99067,3.06,0.5,12.3,1
6.4,0.25,0.57,1,0.062,21,122,0.99238,3,0.4,9.5,0
6,0.26,0.29,3.1,0.041,37,144,0.98944,3.22,0.39,12.8,1
6.2,0.32,0.12,4.8,0.054,6,97,0.99424,3.16,0.5,9.3,0
7.2,0.4,0.24,8.5,0.055,45,151,0.99626,3.2,0.52,9.2,0
6.2,0.32,0.12,4.8,0.054,6,97,0.99424,3.16,0.5,9.3,0
7,0.23,0.42,1.1,0.062,35,100,0.99318,3.04,0.4,9.2,0
7.2,0.4,0.24,8.5,0.055,45,151,0.99626,3.2,0.52,9.2,0
6.4,0.29,0.57,1,0.06,15,120,0.9924,3.06,0.41,9.5,0
7.3,0.33,0.22,1.4,0.041,40,177,0.99287,3.14,0.48,9.9,0
7.3,0.34,0.22,1.4,0.044,43,176,0.99286,3.14,0.46,9.9,0
6.4,0.29,0.57,1,0.06,15,120,0.9924,3.06,0.41,9.5,0
6.3,0.24,0.29,1.6,0.052,48,185,0.9934,3.21,0.5,9.4,0
6.2,0.24,0.22,7.9,0.053,45,149,0.99545,3.23,0.52,9.3,0
7.4,0.16,0.27,15.5,0.05,25,135,0.9984,2.9,0.43,8.7,1
7.4,0.16,0.27,15.5,0.05,25,135,0.9984,2.9,0.43,8.7,1
7.4,0.16,0.27,15.5,0.05,25,135,0.9984,2.9,0.43,8.7,1
7.4,0.16,0.27,15.5,0.05,25,135,0.9984,2.9,0.43,8.7,1
7.4,0.16,0.27,15.5,0.05,25,135,0.9984,2.9,0.43,8.7,1
6.2,0.24,0.22,7.9,0.053,45,149,0.99545,3.23,0.52,9.3,0
7.4,0.16,0.27,15.5,0.05,25,135,0.9984,2.9,0.43,8.7,1
6.5,0.43,0.18,13.15,0.032,25,131,0.99565,3.23,0.51,10.7,0
6.1,0.17,0.21,1.9,0.09,44,130,0.99255,3.07,0.41,9.7,0
6.6,0.5,0.26,11.3,0.029,32,110,0.99302,3.27,0.78,12.9,1
6.1,0.28,0.27,8,0.048,41,162,0.99498,3.21,0.51,9.9,0
6.5,0.36,0.16,1.3,0.054,11,107,0.99398,3.19,0.39,8.5,0
7.4,0.37,0.26,9.6,0.05,33,134,0.99608,3.13,0.46,10.4,0
6.2,0.3,0.32,1.2,0.052,32,185,0.99266,3.28,0.44,10.1,0
6.5,0.33,0.24,14.5,0.048,20,96,0.99456,3.06,0.3,11.5,1
8,0.25,0.35,1.1,0.054,13,136,0.99366,3.08,0.55,9.5,0
6.9,0.37,0.23,9.5,0.057,54,166,0.99568,3.23,0.42,10,0
6.9,0.37,0.23,9.5,0.057,54,166,0.99568,3.23,0.42,10,0
5.7,0.31,0.28,4.1,0.03,22,86,0.99062,3.31,0.38,11.7,1
6.9,0.45,0.27,4.7,0.035,17,80,0.99058,3.12,0.36,12.5,1
6.9,0.3,0.45,1.4,0.039,36,122,0.99059,3.07,0.47,11.1,1
5.3,0.23,0.56,0.9,0.041,46,141,0.99119,3.16,0.62,9.7,0
7.6,0.4,0.27,1.2,0.053,23,193,0.99164,3.22,0.38,11.6,0
7.4,0.28,0.5,12.1,0.049,48,122,0.9973,3.01,0.44,9,0
6,0.13,0.36,1.6,0.052,23,72,0.98974,3.1,0.5,11.5,1
6.7,0.31,0.34,6.8,0.059,51,215,0.99538,3.33,0.56,10.3,0
6.6,0.33,0.32,15.6,0.054,62,227,0.99734,3.25,0.56,10.4,0
7.1,0.13,0.29,15.5,0.064,56,115.5,0.99737,3.16,0.41,9.7,1
7.6,0.48,0.31,9.4,0.046,6,194,0.99714,3.07,0.61,9.4,0
6.2,0.32,0.5,6.5,0.048,61,186,0.9948,3.19,0.45,9.6,0
7.4,0.16,0.3,13.7,0.056,33,168,0.99825,2.9,0.44,8.7,1
7.4,0.16,0.3,13.7,0.056,33,168,0.99825,2.9,0.44,8.7,1
7.4,0.16,0.3,13.7,0.056,33,168,0.99825,2.9,0.44,8.7,1
7.4,0.16,0.3,13.7,0.056,33,168,0.99825,2.9,0.44,8.7,1
7.4,0.16,0.3,13.7,0.056,33,168,0.99825,2.9,0.44,8.7,1
7.4,0.16,0.3,13.7,0.056,33,168,0.99825,2.9,0.44,8.7,1
7.2,0.26,0.38,1.5,0.061,12,120,0.99192,3.18,0.46,10.4,0
6.3,0.17,0.32,1,0.04,39,118,0.98886,3.31,0.4,13.1,1
6.7,0.21,0.34,1.5,0.035,45,123,0.98949,3.24,0.36,12.6,1
7.4,0.16,0.3,13.7,0.056,33,168,0.99825,2.9,0.44,8.7,1
6.6,0.22,0.37,1.6,0.04,31,101,0.99009,3.15,0.66,12,0
5.8,0.19,0.33,4.2,0.038,49,133,0.99107,3.16,0.42,11.3,1
6.9,0.24,0.4,15.4,0.052,81,198,0.9986,3.2,0.69,9.4,0
6.4,0.33,0.28,4,0.04,24,81,0.9903,3.26,0.64,12.6,1
6.9,0.24,0.4,15.4,0.052,81,198,0.9986,3.2,0.69,9.4,0
7.8,0.27,0.35,1.2,0.05,36,140,0.99138,3.09,0.45,11.2,0
7.1,0.45,0.24,2.7,0.04,24,87,0.98862,2.94,0.38,13.4,1
7.9,0.36,0.53,12.9,0.049,63,139,0.99792,2.94,0.45,9.1,0
6.6,0.31,0.37,6.2,0.052,13,164,0.99602,3.24,0.39,8.8,0
6.5,0.38,0.53,1.4,0.142,5,69,0.9926,3.14,0.52,10.1,0
5.3,0.43,0.11,1.1,0.029,6,51,0.99076,3.51,0.48,11.2,0
5.4,0.22,0.35,6.5,0.029,26,87,0.99092,3.29,0.44,12.5,1
6.2,0.345,0.27,10.1,0.056,38,187,0.99486,3.31,0.56,10.6,0
5.2,0.2,0.27,3.2,0.047,16,93,0.99235,3.44,0.53,10.1,1
6.4,0.29,0.18,15,0.04,21,116,0.99736,3.14,0.5,9.2,0
6.4,0.29,0.18,15,0.04,21,116,0.99736,3.14,0.5,9.2,0
7.5,0.23,0.3,1.2,0.03,27,80,0.99192,3.05,0.68,10.5,0
6.4,0.29,0.18,15,0.04,21,116,0.99736,3.14,0.5,9.2,0
5.9,0.22,0.29,4.2,0.037,69,144,0.99214,3.13,0.74,10.8,1
5.3,0.47,0.1,1.3,0.036,11,74,0.99082,3.48,0.54,11.2,0
7.5,0.29,0.24,9.9,0.058,25,115,0.99567,3.15,0.46,10.9,0
6,0.33,0.26,5.1,0.051,16,119,0.99416,3.15,0.41,9.2,0
6,0.33,0.26,5.1,0.051,16,119,0.99416,3.15,0.41,9.2,0
5.8,0.32,0.23,1.5,0.033,39,121,0.9887,2.96,0.35,12,0
7.2,0.22,0.35,5.5,0.054,37,183,0.99474,3.08,0.5,10.3,0
5.6,0.18,0.29,2.3,0.04,5,47,0.99126,3.07,0.45,10.1,0
7.2,0.21,0.36,15.7,0.045,68,183,0.99922,3.25,0.76,9.4,0
7.2,0.21,0.36,15.7,0.045,68,183,0.99922,3.25,0.76,9.4,0
7.4,0.22,0.28,9,0.046,22,121,0.99468,3.1,0.55,10.8,0
7.2,0.21,0.36,15.7,0.045,68,183,0.99922,3.25,0.76,9.4,0
7.2,0.34,0.23,8.9,0.105,22,155,0.99692,3.01,0.58,9.5,0
7.1,0.23,0.28,1.9,0.046,33,103,0.98997,3.12,0.31,12,0
6.3,0.41,0.22,7.3,0.035,23,117,0.99172,3.2,0.39,11.94,1
6.7,0.41,0.24,5.4,0.035,33,115,0.9901,3.12,0.44,12.8933333333333,1
7.2,0.585,0.2,10.4,0.086,17,94,0.99681,3.13,0.4,9.4,0
6.3,0.41,0.22,7.3,0.035,23,117,0.99172,3.2,0.39,11.94,1
6.7,0.41,0.24,5.4,0.035,33,115,0.9901,3.12,0.44,12.8933333333333,1
6.4,0.24,0.26,8.2,0.054,47,182,0.99538,3.12,0.5,9.5,0
6.4,0.24,0.26,8.2,0.054,47,182,0.99538,3.12,0.5,9.5,0
6.4,0.42,0.19,9.3,0.043,28,145,0.99433,3.23,0.53,10.98,0
6.4,0.24,0.26,8.2,0.054,47,182,0.99538,3.12,0.5,9.5,0
6.8,0.24,0.29,2,0.044,15,96,0.99232,3.23,0.64,10.4,1
7.2,0.34,0.28,10.4,0.108,43,187,0.99738,2.96,0.57,9.4,0
6.5,0.23,0.2,7.5,0.05,44,179,0.99504,3.18,0.48,9.53333333333333,0
7.1,0.31,0.25,11.2,0.048,32,136,0.99663,3.14,0.4,9.5,0
7.1,0.31,0.25,11.2,0.048,32,136,0.99663,3.14,0.4,9.5,0
6.5,0.22,0.19,4.5,0.096,16,115,0.9937,3.02,0.44,9.6,0
7,0.23,0.28,2.7,0.053,16,92,0.99372,3.18,0.56,9.3,0
6.5,0.315,0.2,6.6,0.041,9,126,0.99494,2.94,0.51,8.8,0
6.2,0.25,0.44,15.8,0.057,39,167,0.99804,3.14,0.51,9.2,0
7.3,0.22,0.37,15.5,0.048,70,203,0.99899,3.25,0.77,9.4,0
6.2,0.25,0.44,15.8,0.057,39,167,0.99804,3.14,0.51,9.2,0
7.4,0.27,0.26,11.8,0.053,55,173,0.99699,3.11,0.6,9.8,0
7.4,0.27,0.26,11.8,0.053,55,173,0.99699,3.11,0.6,9.8,0
7.4,0.27,0.26,11.8,0.053,55,173,0.99699,3.11,0.6,9.8,0
7.4,0.27,0.26,11.8,0.053,55,173,0.99699,3.11,0.6,9.8,0
5.9,0.29,0.16,7.9,0.044,48,197,0.99512,3.21,0.36,9.4,0
5.9,0.29,0.16,7.9,0.044,48,197,0.99512,3.21,0.36,9.4,0
5.7,0.29,0.16,7.9,0.044,48,197,0.99512,3.21,0.36,9.4,0
5.7,0.24,0.47,6.3,0.069,35,182,0.99391,3.11,0.46,9.73333333333333,0
6.3,0.305,0.22,16,0.061,26,141,0.99824,3.08,0.5,9.1,0
5.7,0.24,0.47,6.3,0.069,35,182,0.99391,3.11,0.46,9.75,0
6.3,0.32,0.26,12.3,0.044,24,205,0.99611,3.11,0.58,9.9,0
7.2,0.47,0.16,5.9,0.048,14,125,0.99428,3.09,0.49,9.8,0
7.2,0.47,0.16,5.9,0.048,14,125,0.99428,3.09,0.49,9.8,0
7.3,0.3,0.25,2.5,0.045,32,122,0.99329,3.18,0.54,10.3,0
6.3,0.3,0.19,7.7,0.049,47,184,0.99514,3.22,0.48,9.5,0
6.3,0.39,0.22,2.8,0.048,53,173,0.99304,3.24,0.45,9.8,0
6,0.28,0.29,19.3,0.051,36,174,0.99911,3.14,0.5,9,0
6,0.28,0.29,19.3,0.051,36,174,0.99911,3.14,0.5,9,0
6,0.28,0.29,19.3,0.051,36,174,0.99911,3.14,0.5,9,0
5.9,0.22,0.18,6.4,0.041,28,120,0.99403,3.27,0.5,9.9,0
6.2,0.32,0.24,4.1,0.051,34,149,0.99306,3.36,0.52,11,0
7.1,0.36,0.2,1.6,0.271,24,140,0.99356,3.11,0.63,9.8,0
6.4,0.32,0.26,7.9,0.05,53,180,0.99514,3.14,0.5,9.6,0
6.4,0.32,0.26,7.9,0.05,53,180,0.99514,3.14,0.5,9.6,0
5.9,0.22,0.45,22.6,0.12,55,122,0.99636,3.1,0.35,12.8,0
6.4,0.32,0.26,7.9,0.05,53,180,0.99514,3.14,0.5,9.6,0
5.8,0.28,0.18,1.2,0.058,7,108,0.99288,3.23,0.58,9.55,0
6.3,0.29,0.3,8.1,0.212,60,150,0.9958,3.1,0.4,9.3,0
6.8,0.2,0.25,6.2,0.052,22,106,0.9935,3.09,0.54,10.8,0
5.8,0.61,0.01,8.4,0.041,31,104,0.9909,3.26,0.72,14.05,1
5.1,0.305,0.13,1.75,0.036,17,73,0.99,3.4,0.51,12.3333333333333,0
6.7,0.23,0.17,1.3,0.061,14,100,0.9925,3.07,0.55,9.5,0
6.1,0.4,0.18,9,0.051,28.5,259,0.9964,3.19,0.5,8.8,0
5.8,0.31,0.31,7.5,0.052,55,230,0.9949,3.19,0.46,9.8,0
6.3,0.36,0.2,2,0.048,48,191,0.9929,3.17,0.51,9.6,0
8.3,0.18,0.37,1.2,0.049,6,94,0.9937,3.18,0.52,10.1,0
8.3,0.14,0.36,8.8,0.026,13,60,0.9956,3.13,0.35,11.05,0
6.9,0.28,0.37,9.1,0.037,16,76,0.9948,3.05,0.54,11.1,0
6.9,0.28,0.37,9.1,0.037,16,76,0.9948,3.05,0.54,11.1,0
6.9,0.28,0.37,9.1,0.037,16,76,0.9948,3.05,0.54,11.1,0
6.1,0.2,0.4,1.9,0.028,32,138,0.9914,3.26,0.72,11.7,0
7,0.23,0.35,1.4,0.036,31,113,0.9912,3.16,0.48,10.8,1
8.6,0.36,0.26,11.1,0.03,43.5,171,0.9948,3.03,0.49,12,0
5.7,0.22,0.28,1.3,0.027,26,101,0.98948,3.35,0.38,12.5,1
5.6,0.22,0.32,1.2,0.024,29,97,0.98823,3.2,0.46,13.05,1
6.2,0.2,0.26,9.7,0.03,39,102,0.9908,3.08,0.56,12.9,1
5.9,0.3,0.29,1.1,0.036,23,56,0.9904,3.19,0.38,11.3,0
6.9,0.29,0.32,5.8,0.04,16,112,0.993,3.04,0.58,11.2,0
5.8,0.34,0.21,7.2,0.041,48,146,0.99441,3.16,0.49,9.8,0
6.1,0.44,0.28,4.25,0.032,43,132,0.9916,3.26,0.47,11.2666666666667,1
5.2,0.5,0.18,2,0.036,23,129,0.98949,3.36,0.77,13.4,1
6.1,0.44,0.28,4.25,0.032,43,132,0.9916,3.26,0.47,11.3,1
6.4,0.62,0.12,4.7,0.06,33,196,0.99556,3.22,0.48,8.9,0
7.5,0.305,0.38,1.4,0.047,30,95,0.99158,3.22,0.52,11.5,1
6.5,0.5,0.22,4.1,0.036,35,131,0.9902,3.26,0.55,13,1
6.6,0.21,0.39,2.3,0.041,31,102,0.99221,3.22,0.58,10.9,1
5.9,0.18,0.28,1,0.037,24,88,0.99094,3.29,0.55,10.65,1
5.8,0.26,0.29,1,0.042,35,101,0.99044,3.36,0.48,11.4,1
5.7,0.695,0.06,6.8,0.042,9,84,0.99432,3.44,0.44,10.2,0
5.6,0.695,0.06,6.8,0.042,9,84,0.99432,3.44,0.44,10.2,0
6.1,0.38,0.47,1.4,0.051,59,210,0.99309,3.24,0.5,9.6,0
6,0.17,0.33,6,0.036,30,111,0.99362,3.32,0.58,10.1333333333333,1
6.4,0.31,0.53,8.8,0.057,36,221,0.99642,3.17,0.44,9.1,0
6.1,0.16,0.34,6.1,0.034,31,114,0.99365,3.32,0.58,10.15,1
4.9,0.335,0.14,1.3,0.036,69,168,0.99212,3.47,0.46,10.4666666666667,0
4.9,0.335,0.14,1.3,0.036,69,168,0.99212,3.47,0.46,10.4666666666667,0
5.8,0.35,0.29,3.2,0.034,41,151,0.9912,3.35,0.58,11.6333333333333,1
4.7,0.335,0.14,1.3,0.036,69,168,0.99212,3.47,0.46,10.5,0
6.9,0.19,0.31,19.25,0.043,38,167,0.99954,2.93,0.52,9.1,1
6.9,0.19,0.31,19.25,0.043,38,167,0.99954,2.93,0.52,9.1,1
6.7,0.35,0.32,9,0.032,29,113,0.99188,3.13,0.65,12.9,1
6.7,0.35,0.32,9,0.032,29,113,0.99188,3.13,0.65,12.9,1
6.8,0.3,0.33,12.8,0.041,60,168,0.99659,3.1,0.56,9.8,0
6.8,0.3,0.33,12.8,0.041,60,168,0.99659,3.1,0.56,9.8,0
6.6,0.27,0.32,1.3,0.044,18,93,0.99044,3.11,0.56,12.25,0
6.8,0.32,0.43,1.6,0.05,4,65,0.99346,3.27,0.47,10.7,0
6.1,0.26,0.25,2.9,0.047,289,440,0.99314,3.44,0.64,10.5,0
6.1,0.34,0.24,18.35,0.05,33,184,0.99943,3.12,0.61,9.3,0
5.1,0.25,0.36,1.3,0.035,40,78,0.9891,3.23,0.64,12.1,1
5.3,0.4,0.25,3.9,0.031,45,130,0.99072,3.31,0.58,11.75,1
6.4,0.32,0.25,5,0.055,28,138,0.99171,3.27,0.5,12.4,1
5.2,0.21,0.31,1.7,0.048,17,61,0.98953,3.24,0.37,12,1
7.1,0.24,0.34,1.2,0.045,6,132,0.99132,3.16,0.46,11.2,0
6,0.59,0,0.8,0.037,30,95,0.99032,3.1,0.4,10.9,0
6.4,0.31,0.31,12.9,0.045,55,161,0.99546,3.02,0.59,10.2,0
4.4,0.32,0.39,4.3,0.03,31,127,0.98904,3.46,0.36,12.8,1
3.9,0.225,0.4,4.2,0.03,29,118,0.989,3.57,0.36,12.8,1
6.4,0.31,0.31,12.9,0.045,55,161,0.99546,3.02,0.59,10.2,0
6.4,0.105,0.29,1.1,0.035,44,140,0.99142,3.17,0.55,10.7,1
6.4,0.105,0.29,1.1,0.035,44,140,0.99142,3.17,0.55,10.7,1
6.4,0.105,0.29,1.1,0.035,44,140,0.99142,3.17,0.55,10.7,1
5.4,0.375,0.4,3.3,0.054,29,147,0.99482,3.42,0.52,9.1,0
6.5,0.28,0.34,4.6,0.054,22,130,0.99193,3.2,0.46,12,1
5.2,0.405,0.15,1.45,0.038,10,44,0.99125,3.52,0.4,11.6,0
5.6,0.34,0.25,2.5,0.046,47,182,0.99093,3.21,0.4,11.3,0
6.6,0.38,0.29,2.4,0.136,15,93,0.99336,3.18,0.6,9.5,0
6.4,0.33,0.44,8.9,0.055,52,164,0.99488,3.1,0.48,9.6,0
6.4,0.33,0.44,8.9,0.055,52,164,0.99488,3.1,0.48,9.6,0
6.2,0.23,0.38,1.6,0.044,12,113,0.99176,3.3,0.73,11.4,0
5.2,0.25,0.23,1.4,0.047,20,77,0.99001,3.32,0.62,11.4,0
6.2,0.36,0.32,4,0.036,44,92,0.98936,3.2,0.5,13.3,1
6,0.41,0.23,1.1,0.066,22,148,0.99266,3.3,0.47,9.63333333333333,0
6,0.42,0.41,12.4,0.032,50,179,0.99622,3.14,0.6,9.7,0
5.9,0.54,0,0.8,0.032,12,82,0.99286,3.25,0.36,8.8,0
6.2,0.53,0.02,0.9,0.035,6,81,0.99234,3.24,0.35,9.5,0
6.5,0.33,0.38,8.3,0.048,68,174,0.99492,3.14,0.5,9.6,0
6.2,0.21,0.28,5.7,0.028,45,121,0.99168,3.21,1.08,12.15,1
6.5,0.23,0.38,1.3,0.032,29,112,0.99298,3.29,0.54,9.7,0
6.6,0.32,0.36,8,0.047,57,168,0.9949,3.15,0.46,9.6,0
7.8,0.76,0.04,2.3,0.092,15,54,0.997,3.26,0.65,9.8,0
7.4,0.66,0,1.8,0.075,13,40,0.9978,3.51,0.56,9.4,0
7.9,0.6,0.06,1.6,0.069,15,59,0.9964,3.3,0.46,9.4,0
7.8,0.58,0.02,2,0.073,9,18,0.9968,3.36,0.57,9.5,1
6.7,0.58,0.08,1.8,0.097,15,65,0.9959,3.28,0.54,9.2,0
5.6,0.615,0,1.6,0.089,16,59,0.9943,3.58,0.52,9.9,0
8.9,0.62,0.18,3.8,0.176,52,145,0.9986,3.16,0.88,9.2,0
8.9,0.62,0.19,3.9,0.17,51,148,0.9986,3.17,0.93,9.2,0
8.5,0.28,0.56,1.8,0.092,35,103,0.9969,3.3,0.75,10.5,1
7.6,0.39,0.31,2.3,0.082,23,71,0.9982,3.52,0.65,9.7,0
7.6,0.41,0.24,1.8,0.08,4,11,0.9962,3.28,0.59,9.5,0
6.7,0.675,0.07,2.4,0.089,17,82,0.9958,3.35,0.54,10.1,0
5.2,0.32,0.25,1.8,0.103,13,50,0.9957,3.38,0.55,9.2,0
8.8,0.61,0.3,2.8,0.088,17,46,0.9976,3.26,0.51,9.3,0
8.1,0.66,0.22,2.2,0.069,9,23,0.9968,3.3,1.2,10.3,0
6.8,0.67,0.02,1.8,0.05,5,11,0.9962,3.48,0.52,9.5,0
4.6,0.52,0.15,2.1,0.054,8,65,0.9934,3.9,0.56,13.1,0
6.4,0.4,0.23,1.6,0.066,5,12,0.9958,3.34,0.56,9.2,0
5.6,0.31,0.37,1.4,0.074,12,96,0.9954,3.32,0.58,9.2,0
8.8,0.66,0.26,1.7,0.074,4,23,0.9971,3.15,0.74,9.2,0
8.6,0.38,0.36,3,0.081,30,119,0.997,3.2,0.56,9.4,0
10.2,0.42,0.57,3.4,0.07,4,10,0.9971,3.04,0.63,9.6,0
7.5,0.63,0.12,5.1,0.111,50,110,0.9983,3.26,0.77,9.4,0
8.8,0.4,0.4,2.2,0.079,19,52,0.998,3.44,0.64,9.2,0
7.7,0.69,0.49,1.8,0.115,20,112,0.9968,3.21,0.71,9.3,0
7,0.735,0.05,2,0.081,13,54,0.9966,3.39,0.57,9.8,0
7.5,0.52,0.11,1.5,0.079,11,39,0.9968,3.42,0.58,9.6,0
7.7,0.67,0.23,2.1,0.088,17,96,0.9962,3.32,0.48,9.5,0
7.7,0.69,0.22,1.9,0.084,18,94,0.9961,3.31,0.48,9.5,0
9.7,0.32,0.54,2.5,0.094,28,83,0.9984,3.28,0.82,9.6,0
8.8,0.41,0.64,2.2,0.093,9,42,0.9986,3.54,0.66,10.5,0
8.8,0.41,0.64,2.2,0.093,9,42,0.9986,3.54,0.66,10.5,0
6.2,0.45,0.2,1.6,0.069,3,15,0.9958,3.41,0.56,9.2,0
6.9,0.55,0.15,2.2,0.076,19,40,0.9961,3.41,0.59,10.1,0
9.3,0.39,0.44,2.1,0.107,34,125,0.9978,3.14,1.22,9.5,0
5,1.02,0.04,1.4,0.045,41,85,0.9938,3.75,0.48,10.5,0
6.8,0.775,0,3,0.102,8,23,0.9965,3.45,0.56,10.7,0
8.1,0.575,0.22,2.1,0.077,12,65,0.9967,3.29,0.51,9.2,0
8.1,0.575,0.22,2.1,0.077,12,65,0.9967,3.29,0.51,9.2,0
7.8,0.41,0.68,1.7,0.467,18,69,0.9973,3.08,1.31,9.3,0
8.1,0.785,0.52,2,0.122,37,153,0.9969,3.21,0.69,9.3,0
8,0.71,0,2.6,0.08,11,34,0.9976,3.44,0.53,9.5,0
9,0.62,0.04,1.9,0.146,27,90,0.9984,3.16,0.7,9.4,0
8.1,1.33,0,1.8,0.082,3,12,0.9964,3.54,0.48,10.9,0
6.1,0.38,0.15,1.8,0.072,6,19,0.9955,3.42,0.57,9.4,0
8,0.745,0.56,2,0.118,30,134,0.9968,3.24,0.66,9.4,0
6.3,0.39,0.08,1.7,0.066,3,20,0.9954,3.34,0.58,9.4,0
8.1,0.67,0.55,1.8,0.117,32,141,0.9968,3.17,0.62,9.4,0
7.1,0.43,0.42,5.5,0.07,29,129,0.9973,3.42,0.72,10.5,0
7.1,0.43,0.42,5.5,0.07,29,129,0.9973,3.42,0.72,10.5,0
7.1,0.68,0,2.2,0.073,12,22,0.9969,3.48,0.5,9.3,0
7.6,0.68,0.02,1.3,0.072,9,20,0.9965,3.17,1.08,9.2,0
7.4,0.6,0.26,7.3,0.07,36,121,0.9982,3.37,0.49,9.4,0
7.3,0.59,0.26,7.2,0.07,35,121,0.9981,3.37,0.49,9.4,0
7.8,0.63,0.48,1.7,0.1,14,96,0.9961,3.19,0.62,9.5,0
6.8,0.64,0.1,2.1,0.085,18,101,0.9956,3.34,0.52,10.2,0
7.3,0.38,0.21,2,0.08,7,35,0.9961,3.33,0.47,9.5,0
6.9,0.5,0.04,1.5,0.085,19,49,0.9958,3.35,0.78,9.5,0
7.3,0.38,0.21,2,0.08,7,35,0.9961,3.33,0.47,9.5,0
7,0.805,0,2.5,0.068,7,20,0.9969,3.48,0.56,9.6,0
8.8,0.61,0.14,2.4,0.067,10,42,0.9969,3.19,0.59,9.5,0
8.8,0.61,0.14,2.4,0.067,10,42,0.9969,3.19,0.59,9.5,0
7.4,0.39,0.48,2,0.082,14,67,0.9972,3.34,0.55,9.2,0
7.7,0.705,0.1,2.6,0.084,9,26,0.9976,3.39,0.49,9.7,0
7.9,0.49,0.32,1.9,0.082,17,144,0.9968,3.2,0.55,9.5,0
8.2,0.5,0.35,2.9,0.077,21,127,0.9976,3.23,0.62,9.4,0
6.8,0.63,0.12,3.8,0.099,16,126,0.9969,3.28,0.61,9.5,0
7.8,0.59,0.33,2,0.074,24,120,0.9968,3.25,0.54,9.4,0
7.3,0.58,0.3,2.4,0.074,15,55,0.9968,3.46,0.59,10.2,0
8.8,0.37,0.48,2.1,0.097,39,145,0.9975,3.04,1.03,9.3,0
6.8,0.5,0.11,1.5,0.075,16,49,0.99545,3.36,0.79,9.5,0
12.8,0.3,0.74,2.6,0.095,9,28,0.9994,3.2,0.77,10.8,1
12.8,0.3,0.74,2.6,0.095,9,28,0.9994,3.2,0.77,10.8,1
7.8,0.57,0.31,1.8,0.069,26,120,0.99625,3.29,0.53,9.3,0
11,0.3,0.58,2.1,0.054,7,19,0.998,3.31,0.88,10.5,1
8.2,0.57,0.26,2.2,0.06,28,65,0.9959,3.3,0.43,10.1,0
8.7,0.625,0.16,2,0.101,13,49,0.9962,3.14,0.57,11,0
8.1,0.725,0.22,2.2,0.072,11,41,0.9967,3.36,0.55,9.1,0
7.5,0.49,0.19,1.9,0.076,10,44,0.9957,3.39,0.54,9.7,0
7.8,0.53,0.33,2.4,0.08,24,144,0.99655,3.3,0.6,9.5,0
7.4,0.53,0.26,2,0.101,16,72,0.9957,3.15,0.57,9.4,0
8.4,0.635,0.36,2,0.089,15,55,0.99745,3.31,0.57,10.4,0
15,0.21,0.44,2.2,0.075,10,24,1.00005,3.07,0.84,9.2,1
15,0.21,0.44,2.2,0.075,10,24,1.00005,3.07,0.84,9.2,1
7.1,0.68,0.07,1.9,0.075,16,51,0.99685,3.38,0.52,9.5,0
11.1,0.35,0.48,3.1,0.09,5,21,0.9986,3.17,0.53,10.5,0
8,0.57,0.23,3.2,0.073,17,119,0.99675,3.26,0.57,9.3,0
9.4,0.34,0.37,2.2,0.075,5,13,0.998,3.22,0.62,9.2,0
6.6,0.695,0,2.1,0.075,12,56,0.9968,3.49,0.67,9.2,0
7.7,0.41,0.76,1.8,0.611,8,45,0.9968,3.06,1.26,9.4,0
7.9,0.33,0.23,1.7,0.077,18,45,0.99625,3.29,0.65,9.3,0
7,0.975,0.04,2,0.087,12,67,0.99565,3.35,0.6,9.4,0
8,0.52,0.03,1.7,0.07,10,35,0.99575,3.34,0.57,10,0
11.8,0.26,0.52,1.8,0.071,6,10,0.9968,3.2,0.72,10.2,1
7.9,0.35,0.46,3.6,0.078,15,37,0.9973,3.35,0.86,12.8,1
10.9,0.37,0.58,4,0.071,17,65,0.99935,3.22,0.78,10.1,0
7.5,0.65,0.18,7,0.088,27,94,0.99915,3.38,0.77,9.4,0
8.9,0.4,0.32,5.6,0.087,10,47,0.9991,3.38,0.77,10.5,1
7.7,0.27,0.68,3.5,0.358,5,10,0.9972,3.25,1.08,9.9,1
8.9,0.4,0.32,5.6,0.087,10,47,0.9991,3.38,0.77,10.5,1
9.9,0.59,0.07,3.4,0.102,32,71,1.00015,3.31,0.71,9.8,0
9.9,0.59,0.07,3.4,0.102,32,71,1.00015,3.31,0.71,9.8,0
8.7,0.52,0.09,2.5,0.091,20,49,0.9976,3.34,0.86,10.6,1
11.6,0.42,0.53,3.3,0.105,33,98,1.001,3.2,0.95,9.2,0
8.7,0.52,0.09,2.5,0.091,20,49,0.9976,3.34,0.86,10.6,1
11,0.2,0.48,2,0.343,6,18,0.9979,3.3,0.71,10.5,0
10.8,0.5,0.46,2.5,0.073,5,27,1.0001,3.05,0.64,9.5,0
8.4,0.65,0.6,2.1,0.112,12,90,0.9973,3.2,0.52,9.2,0
7.4,0.36,0.29,2.6,0.087,26,72,0.99645,3.39,0.68,11,0
7.8,0.62,0.05,2.3,0.079,6,18,0.99735,3.29,0.63,9.3,0
10.3,0.44,0.5,4.5,0.107,5,13,0.998,3.28,0.83,11.5,0
10.7,0.46,0.39,2,0.061,7,15,0.9981,3.18,0.62,9.5,0
8.4,0.56,0.08,2.1,0.105,16,44,0.9958,3.13,0.52,11,0
7.9,0.65,0.01,2.5,0.078,17,38,0.9963,3.34,0.74,11.7,1
11.9,0.695,0.53,3.4,0.128,7,21,0.9992,3.17,0.84,12.2,1
12.5,0.28,0.54,2.3,0.082,12,29,0.9997,3.11,1.36,9.8,1
7.7,0.665,0,2.4,0.09,8,19,0.9974,3.27,0.73,9.3,0
13.5,0.53,0.79,4.8,0.12,23,77,1.0018,3.18,0.77,13,0
11.5,0.41,0.52,3,0.08,29,55,1.0001,3.26,0.88,11,0
8.2,0.7,0.23,2,0.099,14,81,0.9973,3.19,0.7,9.4,0
12.8,0.615,0.66,5.8,0.083,7,42,1.0022,3.07,0.73,10,1
12.8,0.615,0.66,5.8,0.083,7,42,1.0022,3.07,0.73,10,1
10.3,0.34,0.52,2.8,0.159,15,75,0.9998,3.18,0.64,9.4,0
9.4,0.27,0.53,2.4,0.074,6,18,0.9962,3.2,1.13,12,1
9.4,0.27,0.53,2.4,0.074,6,18,0.9962,3.2,1.13,12,1
7.7,0.51,0.28,2.1,0.087,23,54,0.998,3.42,0.74,9.2,0
9.6,0.38,0.31,2.5,0.096,16,49,0.9982,3.19,0.7,10,1
9.5,0.37,0.52,2,0.082,6,26,0.998,3.18,0.51,9.5,0
12.7,0.6,0.65,2.3,0.063,6,25,0.9997,3.03,0.57,9.9,0
12,0.37,0.76,4.2,0.066,7,38,1.0004,3.22,0.6,13,1
8.7,0.765,0.22,2.3,0.064,9,42,0.9963,3.1,0.55,9.4,0
7.7,0.69,0.05,2.7,0.075,15,27,0.9974,3.26,0.61,9.1,0
12.5,0.46,0.49,4.5,0.07,26,49,0.9981,3.05,0.57,9.6,0
6.8,0.77,0,1.8,0.066,34,52,0.9976,3.62,0.68,9.9,0
9.1,0.52,0.33,1.3,0.07,9,30,0.9978,3.24,0.6,9.3,0
7.8,0.55,0.35,2.2,0.074,21,66,0.9974,3.25,0.56,9.2,0
12.6,0.31,0.72,2.2,0.072,6,29,0.9987,2.88,0.82,9.8,1
15.6,0.685,0.76,3.7,0.1,6,43,1.0032,2.95,0.68,11.2,1
10,0.44,0.49,2.7,0.077,11,19,0.9963,3.23,0.63,11.6,1
12.5,0.38,0.6,2.6,0.081,31,72,0.9996,3.1,0.73,10.5,0
9.2,0.63,0.21,2.7,0.097,29,65,0.9988,3.28,0.58,9.6,0
8.3,0.615,0.22,2.6,0.087,6,19,0.9982,3.26,0.61,9.3,0
10,0.29,0.4,2.9,0.098,10,26,1.0006,3.48,0.91,9.7,0
8.7,0.82,0.02,1.2,0.07,36,48,0.9952,3.2,0.58,9.8,0
10.6,0.28,0.39,15.5,0.069,6,23,1.0026,3.12,0.66,9.2,0
9.4,0.3,0.56,2.8,0.08,6,17,0.9964,3.15,0.92,11.7,1
10.7,0.35,0.53,2.6,0.07,5,16,0.9972,3.15,0.65,11,1
7.2,0.34,0.32,2.5,0.09,43,113,0.9966,3.32,0.79,11.1,0
10.7,0.35,0.53,2.6,0.07,5,16,0.9972,3.15,0.65,11,1
10.2,0.49,0.63,2.9,0.072,10,26,0.9968,3.16,0.78,12.5,1
13.3,0.29,0.75,2.8,0.084,23,43,0.9986,3.04,0.68,11.4,1
10.5,0.51,0.64,2.4,0.107,6,15,0.9973,3.09,0.66,11.8,1
10.5,0.51,0.64,2.4,0.107,6,15,0.9973,3.09,0.66,11.8,1
10.4,0.61,0.49,2.1,0.2,5,16,0.9994,3.16,0.63,8.4,0
7.6,0.41,0.49,2,0.088,16,43,0.998,3.48,0.64,9.1,0
9.3,0.4,0.49,2.5,0.085,38,142,0.9978,3.22,0.55,9.4,0
11.9,0.38,0.49,2.7,0.098,12,42,1.0004,3.16,0.61,10.3,0
11.9,0.38,0.49,2.7,0.098,12,42,1.0004,3.16,0.61,10.3,0
9.3,0.715,0.24,2.1,0.07,5,20,0.9966,3.12,0.59,9.9,0
5,1.04,0.24,1.6,0.05,32,96,0.9934,3.74,0.62,11.5,0
12.7,0.6,0.49,2.8,0.075,5,19,0.9994,3.14,0.57,11.4,0
9,0.54,0.49,2.9,0.094,41,110,0.9982,3.08,0.61,9.2,0
12.7,0.6,0.49,2.8,0.075,5,19,0.9994,3.14,0.57,11.4,0
8.8,0.44,0.49,2.8,0.083,18,111,0.9982,3.3,0.6,9.5,0
8.8,0.47,0.49,2.9,0.085,17,110,0.9982,3.29,0.6,9.8,0
12.3,0.5,0.49,2.2,0.089,5,14,1.0002,3.19,0.44,9.6,0
12.3,0.5,0.49,2.2,0.089,5,14,1.0002,3.19,0.44,9.6,0
11.7,0.49,0.49,2.2,0.083,5,15,1,3.19,0.43,9.2,0
12,0.28,0.49,1.9,0.074,10,21,0.9976,2.98,0.66,9.9,1
11.8,0.33,0.49,3.4,0.093,54,80,1.0002,3.3,0.76,10.7,1
11.1,0.31,0.49,2.7,0.094,16,47,0.9986,3.12,1.02,10.6,1
7.3,0.73,0.24,1.9,0.108,18,102,0.9967,3.26,0.59,9.3,0
5,0.42,0.24,2,0.06,19,50,0.9917,3.72,0.74,14,1
10.2,0.29,0.49,2.6,0.059,5,13,0.9976,3.05,0.74,10.5,1
9.9,0.49,0.58,3.5,0.094,9,43,1.0004,3.29,0.58,9,0
7.9,0.72,0.17,2.6,0.096,20,38,0.9978,3.4,0.53,9.5,0
8.8,0.24,0.54,2.5,0.083,25,57,0.9983,3.39,0.54,9.2,0
13.2,0.38,0.55,2.7,0.081,5,16,1.0006,2.98,0.54,9.4,0
8.2,0.39,0.38,1.5,0.058,10,29,0.9962,3.26,0.74,9.8,0
8.3,0.54,0.24,3.4,0.076,16,112,0.9976,3.27,0.61,9.4,0
8.2,0.56,0.23,3.4,0.078,14,104,0.9976,3.28,0.62,9.4,0
10,0.58,0.22,1.9,0.08,9,32,0.9974,3.13,0.55,9.5,0
6.8,0.69,0,5.6,0.124,21,58,0.9997,3.46,0.72,10.2,0
6.8,0.69,0,5.6,0.124,21,58,0.9997,3.46,0.72,10.2,0
7.6,0.685,0.23,2.3,0.111,20,84,0.9964,3.21,0.61,9.3,0
10.1,0.935,0.22,3.4,0.105,11,86,1.001,3.43,0.64,11.3,0
8.7,0.84,0,1.4,0.065,24,33,0.9954,3.27,0.55,9.7,0
7.7,0.915,0.12,2.2,0.143,7,23,0.9964,3.35,0.65,10.2,1
9.9,0.54,0.45,2.3,0.071,16,40,0.9991,3.39,0.62,9.4,0
9.5,0.59,0.44,2.3,0.071,21,68,0.9992,3.46,0.63,9.5,0
9.9,0.54,0.45,2.3,0.071,16,40,0.9991,3.39,0.62,9.4,0
9.5,0.59,0.44,2.3,0.071,21,68,0.9992,3.46,0.63,9.5,0
9.9,0.54,0.45,2.3,0.071,16,40,0.9991,3.39,0.62,9.4,0
7.3,0.67,0.05,3.6,0.107,6,20,0.9972,3.4,0.63,10.1,0
10.7,0.43,0.39,2.2,0.106,8,32,0.9986,2.89,0.5,9.6,0
9.8,0.88,0.25,2.5,0.104,35,155,1.001,3.41,0.67,11.2,0
15.9,0.36,0.65,7.5,0.096,22,71,0.9976,2.98,0.84,14.9,0
10.7,0.43,0.39,2.2,0.106,8,32,0.9986,2.89,0.5,9.6,0
7.5,0.42,0.31,1.6,0.08,15,42,0.9978,3.31,0.64,9,0
12.1,0.4,0.52,2,0.092,15,54,1,3.03,0.66,10.2,0
10,0.73,0.43,2.3,0.059,15,31,0.9966,3.15,0.57,11,0
6.9,0.4,0.24,2.5,0.083,30,45,0.9959,3.26,0.58,10,0
9.3,0.41,0.39,2.2,0.064,12,31,0.9984,3.26,0.65,10.2,0
8.3,0.78,0.1,2.6,0.081,45,87,0.9983,3.48,0.53,10,0
10.8,0.26,0.45,3.3,0.06,20,49,0.9972,3.13,0.54,9.6,0
13.3,0.43,0.58,1.9,0.07,15,40,1.0004,3.06,0.49,9,0
8.1,0.78,0.23,2.6,0.059,5,15,0.997,3.37,0.56,11.3,0
8.1,0.78,0.23,2.6,0.059,5,15,0.997,3.37,0.56,11.3,0
7.1,0.65,0.18,1.8,0.07,13,40,0.997,3.44,0.6,9.1,0
9.1,0.64,0.23,3.1,0.095,13,38,0.9998,3.28,0.59,9.7,0
8.1,0.38,0.48,1.8,0.157,5,17,0.9976,3.3,1.05,9.4,0
7.4,1.185,0,4.25,0.097,5,14,0.9966,3.63,0.54,10.7,0
9,0.48,0.32,2.8,0.084,21,122,0.9984,3.32,0.62,9.4,0
7.4,0.49,0.19,3,0.077,16,37,0.9966,3.37,0.51,10.5,0
8,0.43,0.36,2.3,0.075,10,48,0.9976,3.34,0.46,9.4,0
9.9,0.74,0.28,2.6,0.078,21,77,0.998,3.28,0.51,9.8,0
8,0.43,0.36,2.3,0.075,10,48,0.9976,3.34,0.46,9.4,0
7.6,0.46,0.11,2.6,0.079,12,49,0.9968,3.21,0.57,10,0
8.4,0.56,0.04,2,0.082,10,22,0.9976,3.22,0.44,9.6,0
7.1,0.66,0,3.9,0.086,17,45,0.9976,3.46,0.54,9.5,0
8.4,0.56,0.04,2,0.082,10,22,0.9976,3.22,0.44,9.6,0
8.9,0.48,0.24,2.85,0.094,35,106,0.9982,3.1,0.53,9.2,0
7.6,0.42,0.08,2.7,0.084,15,48,0.9968,3.21,0.59,10,0
6.4,0.57,0.02,1.8,0.067,4,11,0.997,3.46,0.68,9.5,0
6.4,0.57,0.02,1.8,0.067,4,11,0.997,3.46,0.68,9.5,0
9.5,0.55,0.66,2.3,0.387,12,37,0.9982,3.17,0.67,9.6,0
8.9,0.875,0.13,3.45,0.088,4,14,0.9994,3.44,0.52,11.5,0
7.3,0.835,0.03,2.1,0.092,10,19,0.9966,3.39,0.47,9.6,0
7.7,0.56,0.2,2,0.075,9,39,0.9987,3.48,0.62,9.3,0
9,0.46,0.23,2.8,0.092,28,104,0.9983,3.1,0.56,9.2,0
6.5,0.615,0,1.9,0.065,9,18,0.9972,3.46,0.65,9.2,0
11.6,0.41,0.58,2.8,0.096,25,101,1.00024,3.13,0.53,10,0
7.6,0.54,0.13,2.5,0.097,24,66,0.99785,3.39,0.61,9.4,0
8.1,0.87,0,2.2,0.084,10,31,0.99656,3.25,0.5,9.8,0
8.1,0.87,0,2.2,0.084,10,31,0.99656,3.25,0.5,9.8,0
8.8,0.42,0.21,2.5,0.092,33,88,0.99823,3.19,0.52,9.2,0
8.8,0.59,0.18,2.9,0.089,12,74,0.99738,3.14,0.54,9.4,0
9.4,0.685,0.26,2.4,0.082,23,143,0.9978,3.28,0.55,9.4,0
9.5,0.57,0.27,2.3,0.082,23,144,0.99782,3.27,0.55,9.4,0
8.3,0.43,0.3,3.4,0.079,7,34,0.99788,3.36,0.61,10.5,0
7.1,0.52,0.03,2.6,0.076,21,92,0.99745,3.5,0.6,9.8,0
9,0.82,0.05,2.4,0.081,26,96,0.99814,3.36,0.53,10,0
9.9,0.35,0.41,2.3,0.083,11,61,0.9982,3.21,0.5,9.5,0
9.9,0.35,0.41,2.3,0.083,11,61,0.9982,3.21,0.5,9.5,0
7.7,0.6,0,2.6,0.055,7,13,0.99639,3.38,0.56,10.8,0
8.7,0.46,0.31,2.5,0.126,24,64,0.99746,3.1,0.74,9.6,0
9.3,0.37,0.44,1.6,0.038,21,42,0.99526,3.24,0.81,10.8,1
8.6,0.55,0.09,3.3,0.068,8,17,0.99735,3.23,0.44,10,0
8.2,0.28,0.4,2.4,0.052,4,10,0.99356,3.33,0.7,12.8,1
8.2,0.28,0.4,2.4,0.052,4,10,0.99356,3.33,0.7,12.8,1
7.4,0.53,0.12,1.9,0.165,4,12,0.99702,3.26,0.86,9.2,0
10.8,0.45,0.33,2.5,0.099,20,38,0.99818,3.24,0.71,10.8,0
10.8,0.45,0.33,2.5,0.099,20,38,0.99818,3.24,0.71,10.8,0
9.1,0.66,0.15,3.2,0.097,9,59,0.99976,3.28,0.54,9.6,0
7,0.685,0,1.9,0.099,9,22,0.99606,3.34,0.6,9.7,0
4.9,0.42,0,2.1,0.048,16,42,0.99154,3.71,0.74,14,1
7.1,0.46,0.14,2.8,0.076,15,37,0.99624,3.36,0.49,10.7,0
7.5,0.27,0.34,2.3,0.05,4,8,0.9951,3.4,0.64,11,1
7.1,0.46,0.14,2.8,0.076,15,37,0.99624,3.36,0.49,10.7,0
7.6,0.665,0.1,1.5,0.066,27,55,0.99655,3.39,0.51,9.3,0
11.1,0.42,0.47,2.65,0.085,9,34,0.99736,3.24,0.77,12.1,1
6.6,0.66,0,3,0.115,21,31,0.99629,3.45,0.63,10.3,0
6.4,0.63,0.21,1.6,0.08,12,32,0.99689,3.58,0.66,9.8,0
9.3,0.43,0.44,1.9,0.085,9,22,0.99708,3.28,0.55,9.5,0
9.3,0.43,0.44,1.9,0.085,9,22,0.99708,3.28,0.55,9.5,0
8,0.42,0.32,2.5,0.08,26,122,0.99801,3.22,1.07,9.7,0
7.6,0.735,0.02,2.5,0.071,10,14,0.99538,3.51,0.71,11.7,1
11.7,0.28,0.47,1.7,0.054,17,32,0.99686,3.15,0.67,10.6,1
7.2,0.62,0.06,2.7,0.077,15,85,0.99746,3.51,0.54,9.5,0
7.2,0.62,0.06,2.5,0.078,17,84,0.99746,3.51,0.53,9.7,0
7.2,0.62,0.06,2.7,0.077,15,85,0.99746,3.51,0.54,9.5,0
9.1,0.21,0.37,1.6,0.067,6,10,0.99552,3.23,0.58,11.1,1
8.8,0.31,0.4,2.8,0.109,7,16,0.99614,3.31,0.79,11.8,1
10.7,0.9,0.34,6.6,0.112,23,99,1.00289,3.22,0.68,9.3,0
7.2,0.34,0.24,2,0.071,30,52,0.99576,3.44,0.58,10.1,0
8.3,0.31,0.39,2.4,0.078,17,43,0.99444,3.31,0.77,12.5,1
8.3,0.31,0.39,2.4,0.078,17,43,0.99444,3.31,0.77,12.5,1
8.9,0.31,0.36,2.6,0.056,10,39,0.99562,3.4,0.69,11.8,0
7.4,0.635,0.1,2.4,0.08,16,33,0.99736,3.58,0.69,10.8,1
7.4,0.635,0.1,2.4,0.08,16,33,0.99736,3.58,0.69,10.8,1
7.2,0.54,0.27,2.6,0.084,12,78,0.9964,3.39,0.71,11,0
9.6,0.41,0.37,2.3,0.091,10,23,0.99786,3.24,0.56,10.5,0
8.6,0.47,0.27,2.3,0.055,14,28,0.99516,3.18,0.8,11.2,0
8.4,0.67,0.19,2.2,0.093,11,75,0.99736,3.2,0.59,9.2,0
8.6,0.47,0.27,2.3,0.055,14,28,0.99516,3.18,0.8,11.2,0
6.6,0.61,0.01,1.9,0.08,8,25,0.99746,3.69,0.73,10.5,0
6.6,0.61,0.01,1.9,0.08,8,25,0.99746,3.69,0.73,10.5,0
12,0.63,0.5,1.4,0.071,6,26,0.99791,3.07,0.6,10.4,0
6.2,0.46,0.17,1.6,0.073,7,11,0.99425,3.61,0.54,11.4,0
9.6,0.33,0.52,2.2,0.074,13,25,0.99509,3.36,0.76,12.4,1
9.9,0.27,0.49,5,0.082,9,17,0.99484,3.19,0.52,12.5,1
9.8,0.5,0.34,2.3,0.094,10,45,0.99864,3.24,0.6,9.7,1
8.3,0.3,0.49,3.8,0.09,11,24,0.99498,3.27,0.64,12.1,1
10.2,0.44,0.42,2,0.071,7,20,0.99566,3.14,0.79,11.1,1
10.2,0.44,0.58,4.1,0.092,11,24,0.99745,3.29,0.99,12,1
8.3,0.28,0.48,2.1,0.093,6,12,0.99408,3.26,0.62,12.4,1
8.9,0.12,0.45,1.8,0.075,10,21,0.99552,3.41,0.76,11.9,1
8.9,0.12,0.45,1.8,0.075,10,21,0.99552,3.41,0.76,11.9,1
8.9,0.12,0.45,1.8,0.075,10,21,0.99552,3.41,0.76,11.9,1
8.3,0.28,0.48,2.1,0.093,6,12,0.99408,3.26,0.62,12.4,1
8.2,0.31,0.4,2.2,0.058,6,10,0.99536,3.31,0.68,11.2,1
6.4,0.57,0.12,2.3,0.12,25,36,0.99519,3.47,0.71,11.3,1
7.1,0.56,0.14,1.6,0.078,7,18,0.99592,3.27,0.62,9.3,0
9,0.38,0.41,2.4,0.103,6,10,0.99604,3.13,0.58,11.9,1
8.5,0.34,0.44,1.7,0.079,6,12,0.99605,3.52,0.63,10.7,0
7,0.4,0.32,3.6,0.061,9,29,0.99416,3.28,0.49,11.3,1
9.8,0.34,0.39,1.4,0.066,3,7,0.9947,3.19,0.55,11.4,1
7.1,0.36,0.3,1.6,0.08,35,70,0.99693,3.44,0.5,9.4,0
10,0.35,0.45,2.5,0.092,20,88,0.99918,3.15,0.43,9.4,0
9.9,0.35,0.38,1.5,0.058,31,47,0.99676,3.26,0.82,10.6,1
9.1,0.29,0.33,2.05,0.063,13,27,0.99516,3.26,0.84,11.7,1
6.8,0.36,0.32,1.8,0.067,4,8,0.9928,3.36,0.55,12.8,1
8.2,0.43,0.29,1.6,0.081,27,45,0.99603,3.25,0.54,10.3,0
6.8,0.36,0.32,1.8,0.067,4,8,0.9928,3.36,0.55,12.8,1
9.1,0.29,0.33,2.05,0.063,13,27,0.99516,3.26,0.84,11.7,1
9.1,0.3,0.34,2,0.064,12,25,0.99516,3.26,0.84,11.7,1
8.9,0.35,0.4,3.6,0.11,12,24,0.99549,3.23,0.7,12,1
8.9,0.28,0.45,1.7,0.067,7,12,0.99354,3.25,0.55,12.3,1
7.7,1.005,0.15,2.1,0.102,11,32,0.99604,3.23,0.48,10,0
7,0.51,0.09,2.1,0.062,4,9,0.99584,3.35,0.54,10.5,0
7.1,0.59,0,2.1,0.091,9,14,0.99488,3.42,0.55,11.5,1
8.1,0.82,0,4.1,0.095,5,14,0.99854,3.36,0.53,9.6,0
10.1,0.37,0.34,2.4,0.085,5,17,0.99683,3.17,0.65,10.6,1
7.6,0.31,0.34,2.5,0.082,26,35,0.99356,3.22,0.59,12.5,1
7.3,0.91,0.1,1.8,0.074,20,56,0.99672,3.35,0.56,9.2,0
8.7,0.41,0.41,6.2,0.078,25,42,0.9953,3.24,0.77,12.6,1
7.4,0.965,0,2.2,0.088,16,32,0.99756,3.58,0.67,10.2,0
8.5,0.46,0.59,1.4,0.414,16,45,0.99702,3.03,1.34,9.2,0
5.6,0.605,0.05,2.4,0.073,19,25,0.99258,3.56,0.55,12.9,0
8.9,0.48,0.53,4,0.101,3,10,0.99586,3.21,0.59,12.1,1
9.9,0.53,0.57,2.4,0.093,30,52,0.9971,3.19,0.76,11.6,1
8.9,0.48,0.53,4,0.101,3,10,0.99586,3.21,0.59,12.1,1
9.3,0.33,0.45,1.5,0.057,19,37,0.99498,3.18,0.89,11.1,1
7.5,0.77,0.2,8.1,0.098,30,92,0.99892,3.2,0.58,9.2,0
7.5,0.77,0.2,8.1,0.098,30,92,0.99892,3.2,0.58,9.2,0
9.1,0.25,0.34,2,0.071,45,67,0.99769,3.44,0.86,10.2,1
7.9,0.3,0.68,8.3,0.05,37.5,278,0.99316,3.01,0.51,12.3,1
7.9,0.3,0.68,8.3,0.05,37.5,289,0.99316,3.01,0.51,12.3,1
9.4,0.4,0.47,2.5,0.087,6,20,0.99772,3.15,0.5,10.5,0
8,0.31,0.45,2.1,0.216,5,16,0.99358,3.15,0.81,12.5,1
5.4,0.42,0.27,2,0.092,23,55,0.99471,3.78,0.64,12.3,1
5.6,0.66,0,2.5,0.066,7,15,0.99256,3.52,0.58,12.9,0
6.5,0.58,0,2.2,0.096,3,13,0.99557,3.62,0.62,11.5,0
8.8,0.24,0.35,1.7,0.055,13,27,0.99394,3.14,0.59,11.3,1
7.2,0.48,0.07,5.5,0.089,10,18,0.99684,3.37,0.68,11.2,1
8.5,0.18,0.51,1.75,0.071,45,88,0.99524,3.33,0.76,11.8,1
5.1,0.51,0.18,2.1,0.042,16,101,0.9924,3.46,0.87,12.9,1
10.2,0.41,0.43,2.2,0.11,11,37,0.99728,3.16,0.67,10.8,0
10.6,0.36,0.57,2.3,0.087,6,20,0.99676,3.14,0.72,11.1,1
8.5,0.32,0.42,2.3,0.075,12,19,0.99434,3.14,0.71,11.8,1
9,0.785,0.24,1.7,0.078,10,21,0.99692,3.29,0.67,10,0
9,0.785,0.24,1.7,0.078,10,21,0.99692,3.29,0.67,10,0
8.5,0.44,0.5,1.9,0.369,15,38,0.99634,3.01,1.1,9.4,0
9.9,0.54,0.26,2,0.111,7,60,0.99709,2.94,0.98,10.2,0
6.5,0.88,0.03,5.6,0.079,23,47,0.99572,3.58,0.5,11.2,0
9.8,0.39,0.43,1.65,0.068,5,11,0.99478,3.19,0.46,11.4,0
6.7,0.64,0.23,2.1,0.08,11,119,0.99538,3.36,0.7,10.9,0
6.6,0.8,0.03,7.8,0.079,6,12,0.9963,3.52,0.5,12.2,0
6.7,0.64,0.23,2.1,0.08,11,119,0.99538,3.36,0.7,10.9,0
6.4,0.885,0,2.3,0.166,6,12,0.99551,3.56,0.51,10.8,0
8.6,0.42,0.39,1.8,0.068,6,12,0.99516,3.35,0.69,11.7,1
9.9,0.74,0.19,5.8,0.111,33,76,0.99878,3.14,0.55,9.4,0
7.2,0.36,0.46,2.1,0.074,24,44,0.99534,3.4,0.85,11,1
7.2,0.36,0.46,2.1,0.074,24,44,0.99534,3.4,0.85,11,1
7.2,0.36,0.46,2.1,0.074,24,44,0.99534,3.4,0.85,11,1
9.9,0.72,0.55,1.7,0.136,24,52,0.99752,3.35,0.94,10,0
7.2,0.36,0.46,2.1,0.074,24,44,0.99534,3.4,0.85,11,1
6.2,0.39,0.43,2,0.071,14,24,0.99428,3.45,0.87,11.2,1
9.2,0.46,0.23,2.6,0.091,18,77,0.99922,3.15,0.51,9.4,0
5.1,0.42,0,1.8,0.044,18,88,0.99157,3.68,0.73,13.6,1
10.2,0.23,0.37,2.2,0.057,14,36,0.99614,3.23,0.49,9.3,0
6,0.33,0.32,12.9,0.054,6,113,0.99572,3.3,0.56,11.5,0
8.1,0.73,0,2.5,0.081,12,24,0.99798,3.38,0.46,9.6,0
9.8,0.37,0.39,2.5,0.079,28,65,0.99729,3.16,0.59,9.8,0
8.3,0.56,0.22,2.4,0.082,10,86,0.9983,3.37,0.62,9.5,0
7.4,0.74,0.07,1.7,0.086,15,48,0.99502,3.12,0.48,10,0
7.5,0.58,0.14,2.2,0.077,27,60,0.9963,3.28,0.59,9.8,0
7.9,0.66,0,1.4,0.096,6,13,0.99569,3.43,0.58,9.5,0
7.8,0.7,0.06,1.9,0.079,20,35,0.99628,3.4,0.69,10.9,0
7.5,0.59,0.22,1.8,0.082,43,60,0.99499,3.1,0.42,9.2,0
8.6,0.635,0.68,1.8,0.403,19,56,0.99632,3.02,1.15,9.3,0
6.3,1.02,0,2,0.083,17,24,0.99437,3.59,0.55,11.2,0
9.8,0.45,0.38,2.5,0.081,34,66,0.99726,3.15,0.58,9.8,0
5.5,0.49,0.03,1.8,0.044,28,87,0.9908,3.5,0.82,14,1
7.5,0.58,0.2,2,0.073,34,44,0.99494,3.1,0.43,9.3,0
8.5,0.4,0.4,6.3,0.05,3,10,0.99566,3.28,0.56,12,0
7,0.6,0.3,4.5,0.068,20,110,0.99914,3.3,1.17,10.2,0
7,0.6,0.3,4.5,0.068,20,110,0.99914,3.3,1.17,10.2,0
7.5,0.755,0,1.9,0.084,6,12,0.99672,3.34,0.49,9.7,0
7.6,1.58,0,2.1,0.137,5,9,0.99476,3.5,0.4,10.9,0
7.6,0.79,0.21,2.3,0.087,21,68,0.9955,3.12,0.44,9.2,0
7.5,0.61,0.26,1.9,0.073,24,88,0.99612,3.3,0.53,9.8,0
6.8,0.68,0.09,3.9,0.068,15,29,0.99524,3.41,0.52,11.1,0
7.5,0.61,0.26,1.9,0.073,24,88,0.99612,3.3,0.53,9.8,0
9.1,0.34,0.42,1.8,0.058,9,18,0.99392,3.18,0.55,11.4,0
6.5,0.52,0.11,1.8,0.073,13,38,0.9955,3.34,0.52,9.3,0
7.8,0.87,0.26,3.8,0.107,31,67,0.99668,3.26,0.46,9.2,0
9,0.6,0.29,2,0.069,32,73,0.99654,3.34,0.57,10,0
7.6,0.645,0.03,1.9,0.086,14,57,0.9969,3.37,0.46,10.3,0
7.6,0.645,0.03,1.9,0.086,14,57,0.9969,3.37,0.46,10.3,0
6.1,0.32,0.25,1.8,0.086,5,32,0.99464,3.36,0.44,10.1,0
6.1,0.34,0.25,1.8,0.084,4,28,0.99464,3.36,0.44,10.1,0
7.4,0.64,0.17,5.4,0.168,52,98,0.99736,3.28,0.5,9.5,0
9.2,0.54,0.31,2.3,0.112,11,38,0.99699,3.24,0.56,10.9,0
8.3,0.85,0.14,2.5,0.093,13,54,0.99724,3.36,0.54,10.1,0
8,0.83,0.27,2,0.08,11,63,0.99652,3.29,0.48,9.8,0
7.8,0.5,0.09,2.2,0.115,10,42,0.9971,3.18,0.62,9.5,0
7.3,0.74,0.08,1.7,0.094,10,45,0.99576,3.24,0.5,9.8,0
6.6,0.61,0,1.6,0.069,4,8,0.99396,3.33,0.37,10.4,0
7.7,0.75,0.27,3.8,0.11,34,89,0.99664,3.24,0.45,9.3,0
6.8,0.815,0,1.2,0.267,16,29,0.99471,3.32,0.51,9.8,0
7.2,0.56,0.26,2,0.083,13,100,0.99586,3.26,0.52,9.9,0
8.2,0.885,0.2,1.4,0.086,7,31,0.9946,3.11,0.46,10,0
6.8,0.83,0.09,1.8,0.074,4,25,0.99534,3.38,0.45,9.6,0
8,0.6,0.22,2.1,0.08,25,105,0.99613,3.3,0.49,9.9,0
8,0.6,0.22,2.1,0.08,25,105,0.99613,3.3,0.49,9.9,0
7.1,0.755,0.15,1.8,0.107,20,84,0.99593,3.19,0.5,9.5,0
7.4,0.64,0.07,1.8,0.1,8,23,0.9961,3.3,0.58,9.6,0
7.4,0.64,0.07,1.8,0.1,8,23,0.9961,3.3,0.58,9.6,0
8,0.64,0.22,2.4,0.094,5,33,0.99612,3.37,0.58,11,0
7.1,0.62,0.06,1.3,0.07,5,12,0.9942,3.17,0.48,9.8,0
8,0.52,0.25,2,0.078,19,59,0.99612,3.3,0.48,10.2,0
8.7,0.675,0.1,1.6,0.09,4,11,0.99745,3.31,0.65,9.55,0
7.3,0.59,0.26,2,0.08,17,104,0.99584,3.28,0.52,9.9,0
7,0.6,0.12,2.2,0.083,13,28,0.9966,3.52,0.62,10.2,1
7.7,0.28,0.3,2,0.062,18,34,0.9952,3.28,0.9,11.3,1
9.9,0.57,0.25,2,0.104,12,89,0.9963,3.04,0.9,10.1,0
7.3,0.34,0.33,2.5,0.064,21,37,0.9952,3.35,0.77,12.1,1
7.8,0.53,0.01,1.6,0.077,3,19,0.995,3.16,0.46,9.8,0
7.7,0.64,0.21,2.2,0.077,32,133,0.9956,3.27,0.45,9.9,0
7.8,0.53,0.01,1.6,0.077,3,19,0.995,3.16,0.46,9.8,0
7.5,0.4,0.18,1.6,0.079,24,58,0.9965,3.34,0.58,9.4,0
10,0.38,0.38,1.6,0.169,27,90,0.99914,3.15,0.65,8.5,0
6.8,0.915,0.29,4.8,0.07,15,39,0.99577,3.53,0.54,11.1,0
7,0.59,0,1.7,0.052,3,8,0.996,3.41,0.47,10.3,0
7.2,0.37,0.32,2,0.062,15,28,0.9947,3.23,0.73,11.3,1
6.9,0.63,0.02,1.9,0.078,18,30,0.99712,3.4,0.75,9.8,0
6.9,0.63,0.02,1.9,0.078,18,30,0.99712,3.4,0.75,9.8,0
6.9,0.58,0.01,1.9,0.08,40,54,0.99683,3.4,0.73,9.7,0
7.2,0.38,0.31,2,0.056,15,29,0.99472,3.23,0.76,11.3,1
7.2,0.37,0.32,2,0.062,15,28,0.9947,3.23,0.73,11.3,1
6.6,0.58,0.02,2,0.062,37,53,0.99374,3.35,0.76,11.6,1
6.2,0.785,0,2.1,0.06,6,13,0.99664,3.59,0.61,10,0
7.3,0.48,0.32,2.1,0.062,31,54,0.99728,3.3,0.65,10,1
7.3,0.48,0.32,2.1,0.062,31,54,0.99728,3.3,0.65,10,1
7.3,0.98,0.05,2.1,0.061,20,49,0.99705,3.31,0.55,9.7,0
10,0.69,0.11,1.4,0.084,8,24,0.99578,2.88,0.47,9.7,0
6.7,0.7,0.08,3.75,0.067,8,16,0.99334,3.43,0.52,12.6,0
6.1,0.6,0.08,1.8,0.071,14,45,0.99336,3.38,0.54,11,0
9.9,0.5,0.5,13.8,0.205,48,82,1.00242,3.16,0.75,8.8,0
9.9,0.5,0.5,13.8,0.205,48,82,1.00242,3.16,0.75,8.8,0
7.1,0.875,0.05,5.7,0.082,3,14,0.99808,3.4,0.52,10.2,0
5.6,0.62,0.03,1.5,0.08,6,13,0.99498,3.66,0.62,10.1,0
7.2,0.58,0.54,2.1,0.114,3,9,0.99719,3.33,0.57,10.3,0
6.8,0.91,0.06,2,0.06,4,11,0.99592,3.53,0.64,10.9,0
6.8,0.68,0.21,2.1,0.07,9,23,0.99546,3.38,0.6,10.3,0
6,0.64,0.05,1.9,0.066,9,17,0.99496,3.52,0.78,10.6,0
6.2,0.65,0.06,1.6,0.05,6,18,0.99348,3.57,0.54,11.95,0
6.4,0.31,0.09,1.4,0.066,15,28,0.99459,3.42,0.7,10,1
7.5,0.725,0.04,1.5,0.076,8,15,0.99508,3.26,0.53,9.6,0
7.9,0.18,0.4,1.8,0.062,7,20,0.9941,3.28,0.7,11.1,0
7.1,0.69,0.04,2.1,0.068,19,27,0.99712,3.44,0.67,9.8,0
6.1,0.32,0.25,2.3,0.071,23,58,0.99633,3.42,0.97,10.6,0
7.4,0.47,0.46,2.2,0.114,7,20,0.99647,3.32,0.63,10.5,0
6.6,0.7,0.08,2.6,0.106,14,27,0.99665,3.44,0.58,10.2,0
6.1,0.32,0.25,2.3,0.071,23,58,0.99633,3.42,0.97,10.6,0
6.8,0.48,0.25,2,0.076,29,61,0.9953,3.34,0.6,10.4,0
6.1,0.705,0.1,2.8,0.081,13,28,0.99631,3.6,0.66,10.2,0
8,0.39,0.3,1.9,0.074,32,84,0.99717,3.39,0.61,9,0
8.4,0.37,0.43,2.3,0.063,12,19,0.9955,3.17,0.81,11.2,1
11.2,0.4,0.5,2,0.099,19,50,0.99783,3.1,0.58,10.4,0
7.1,0.68,0,2.3,0.087,17,26,0.99783,3.45,0.53,9.5,0
7.1,0.67,0,2.3,0.083,18,27,0.99768,3.44,0.54,9.4,0
7.3,0.735,0,2.2,0.08,18,28,0.99765,3.41,0.6,9.4,0
7,0.56,0.17,1.7,0.065,15,24,0.99514,3.44,0.68,10.55,1
6.6,0.88,0.04,2.2,0.066,12,20,0.99636,3.53,0.56,9.9,0
6.9,0.63,0.33,6.7,0.235,66,115,0.99787,3.22,0.56,9.5,0
7.8,0.6,0.26,2,0.08,31,131,0.99622,3.21,0.52,9.9,0
7.8,0.6,0.26,2,0.08,31,131,0.99622,3.21,0.52,9.9,0
7.8,0.6,0.26,2,0.08,31,131,0.99622,3.21,0.52,9.9,0
7,0.56,0.13,1.6,0.077,25,42,0.99629,3.34,0.59,9.2,0
6.2,0.56,0.09,1.7,0.053,24,32,0.99402,3.54,0.6,11.3,0
6.2,0.56,0.09,1.7,0.053,24,32,0.99402,3.54,0.6,11.3,0
6.1,0.715,0.1,2.6,0.053,13,27,0.99362,3.57,0.5,11.9,0
6.2,0.46,0.29,2.1,0.074,32,98,0.99578,3.33,0.62,9.8,0
6.6,0.725,0.2,7.8,0.073,29,79,0.9977,3.29,0.54,9.2,0
6.2,0.6,0.08,2,0.09,32,44,0.9949,3.45,0.58,10.5,0
5.9,0.645,0.12,2,0.075,32,44,0.99547,3.57,0.71,10.2,0
